1 0.628906 0.672500 0.029687 0.025000
1 0.183203 0.765625 0.038281 0.021250
1 0.086719 0.714375 0.073438 0.026250
1 0.044141 0.530000 0.035156 0.025000
1 0.027734 0.512500 0.032031 0.022500
1 0.249609 0.582500 0.032031 0.022500
1 0.278125 0.638750 0.050000 0.030000
1 0.230859 0.698125 0.033594 0.026250
1 0.569141 0.633125 0.046094 0.026250
1 0.711719 0.613750 0.037500 0.025000
1 0.557422 0.415625 0.039844 0.031250
1 0.473047 0.400625 0.041406 0.033750
1 0.214844 0.458750 0.032813 0.025000
1 0.080859 0.436250 0.035156 0.025000
1 0.071094 0.328750 0.037500 0.025000
1 0.080078 0.502500 0.028906 0.027500
0 0.131250 0.536250 0.039062 0.045000
0 0.156641 0.578125 0.036719 0.043750
0 0.213281 0.576250 0.042188 0.067500
1 0.192969 0.651875 0.035937 0.031250
1 0.165234 0.463125 0.036719 0.026250
0 0.169141 0.432500 0.030469 0.037500
0 0.103125 0.479375 0.037500 0.036250
0 0.094922 0.353750 0.041406 0.037500
0 0.156250 0.367500 0.050000 0.042500
0 0.193750 0.480000 0.037500 0.042500
0 0.294531 0.474375 0.035937 0.046250
1 0.348438 0.501250 0.040625 0.030000
0 0.530078 0.541875 0.033594 0.041250
0 0.526953 0.505625 0.041406 0.033750
1 0.611328 0.563125 0.036719 0.023750
0 0.625000 0.453125 0.031250 0.031250
1 0.644922 0.515000 0.039844 0.025000
0 0.649609 0.487500 0.033594 0.035000
0 0.479297 0.460000 0.036719 0.040000
0 0.336328 0.454375 0.036719 0.046250
1 0.333594 0.551875 0.042188 0.033750
0 0.360156 0.385625 0.025000 0.033750
0 0.433594 0.559375 0.045312 0.051250
0 0.462109 0.535000 0.041406 0.042500
0 0.411719 0.511875 0.032813 0.043750
0 0.171484 0.545000 0.027344 0.035000
0 0.700391 0.591250 0.046094 0.035000
0 0.701953 0.535000 0.038281 0.045000
0 0.397266 0.468750 0.038281 0.045000
0 0.394531 0.403750 0.034375 0.045000
1 0.418750 0.738750 0.046875 0.022500
1 0.578125 0.551250 0.037500 0.027500
1 0.615234 0.596875 0.036719 0.023750
1 0.585938 0.610625 0.035937 0.023750
0 0.754687 0.550000 0.035937 0.055000
0 0.783984 0.598750 0.035156 0.057500
1 0.242578 0.527500 0.046094 0.027500
1 0.303516 0.575000 0.041406 0.030000
0 0.742578 0.504375 0.039844 0.051250
