0 0.166016 0.711875 0.038281 0.016250
0 0.064453 0.716250 0.042969 0.020000
0 0.225781 0.748750 0.039062 0.017500
1 0.059766 0.308750 0.033594 0.037500
1 0.052734 0.430000 0.035156 0.047500
1 0.007422 0.433125 0.013281 0.033750
1 0.016797 0.492500 0.032031 0.037500
1 0.008984 0.551875 0.016406 0.033750
1 0.189062 0.466250 0.039062 0.030000
1 0.228516 0.447500 0.047656 0.032500
1 0.255469 0.421875 0.035937 0.028750
1 0.234766 0.570625 0.044531 0.031250
1 0.255469 0.528125 0.040625 0.036250
1 0.340625 0.431875 0.031250 0.038750
1 0.326953 0.498125 0.033594 0.058750
1 0.336328 0.556250 0.032031 0.035000
1 0.377734 0.585625 0.052344 0.031250
1 0.377344 0.465000 0.045312 0.035000
1 0.444141 0.461875 0.035156 0.036250
1 0.386328 0.533125 0.038281 0.046250
1 0.428516 0.501250 0.035156 0.027500
1 0.462500 0.519375 0.043750 0.021250
1 0.478906 0.545625 0.042188 0.023750
1 0.473438 0.571250 0.029687 0.025000
1 0.540625 0.530000 0.034375 0.027500
1 0.525781 0.565000 0.039062 0.037500
1 0.576172 0.540000 0.030469 0.032500
1 0.581250 0.578125 0.034375 0.053750
1 0.616016 0.511250 0.035156 0.047500
1 0.638281 0.570000 0.043750 0.032500
1 0.708203 0.500000 0.036719 0.030000
1 0.749609 0.500000 0.033594 0.022500
1 0.821094 0.530625 0.045312 0.041250
1 0.697266 0.599375 0.046094 0.046250
1 0.671484 0.543125 0.071094 0.031250
1 0.778516 0.561250 0.039844 0.055000
0 0.148047 0.362500 0.036719 0.015000
0 0.129297 0.435625 0.033594 0.023750
0 0.116797 0.520625 0.038281 0.021250
0 0.191797 0.561250 0.030469 0.012500
0 0.188672 0.573750 0.028906 0.015000
0 0.358594 0.654375 0.032813 0.018750
0 0.340625 0.606250 0.037500 0.012500
0 0.418359 0.562500 0.038281 0.022500
0 0.430859 0.617500 0.027344 0.015000
0 0.450391 0.590000 0.032031 0.022500
0 0.561328 0.630000 0.030469 0.020000
0 0.604297 0.615000 0.036719 0.025000
0 0.555078 0.479375 0.030469 0.021250
0 0.357422 0.345625 0.032031 0.018750
0 0.148047 0.590000 0.030469 0.017500
0 0.168359 0.450625 0.030469 0.016250
0 0.506641 0.487500 0.038281 0.015000
0 0.506641 0.468125 0.035156 0.013750
0 0.479687 0.432500 0.037500 0.020000
0 0.171094 0.513750 0.039062 0.017500
0 0.219141 0.670000 0.063281 0.017500
0 0.269531 0.500000 0.029687 0.015000
0 0.368359 0.495000 0.039844 0.020000
