1 0.121484 0.640000 0.039844 0.020000
1 0.025391 0.568750 0.036719 0.025000
1 0.055078 0.525000 0.033594 0.025000
1 0.220312 0.681250 0.040625 0.020000
1 0.346094 0.686250 0.039062 0.015000
1 0.376563 0.541875 0.039062 0.026250
1 0.464062 0.558750 0.040625 0.017500
1 0.429688 0.581250 0.040625 0.025000
1 0.422266 0.629375 0.046094 0.021250
1 0.719922 0.642500 0.030469 0.015000
1 0.277734 0.610000 0.032031 0.020000
1 0.143359 0.485000 0.038281 0.027500
1 0.194531 0.356250 0.035937 0.027500
1 0.399219 0.416875 0.034375 0.023750
1 0.571875 0.688750 0.051562 0.030000
1 0.301172 0.737500 0.036719 0.025000
0 0.058594 0.378750 0.037500 0.042500
0 0.023047 0.383750 0.033594 0.035000
0 0.115234 0.418750 0.035156 0.040000
0 0.081250 0.477500 0.035937 0.040000
0 0.097266 0.441250 0.033594 0.037500
1 0.166797 0.535000 0.033594 0.022500
0 0.213281 0.384375 0.039062 0.038750
0 0.249219 0.549375 0.039062 0.036250
0 0.314453 0.576250 0.036719 0.065000
1 0.310156 0.641875 0.040625 0.018750
0 0.022266 0.473750 0.033594 0.055000
0 0.217969 0.498750 0.032813 0.042500
0 0.230469 0.454375 0.031250 0.043750
0 0.282422 0.449375 0.033594 0.031250
0 0.274609 0.398750 0.038281 0.050000
0 0.300391 0.490625 0.041406 0.041250
1 0.446484 0.513125 0.030469 0.031250
1 0.479297 0.540000 0.033594 0.027500
1 0.196094 0.453125 0.034375 0.026250
0 0.491797 0.427500 0.044531 0.047500
0 0.421094 0.460000 0.029687 0.050000
0 0.590625 0.568750 0.031250 0.035000
0 0.642578 0.547500 0.035156 0.035000
0 0.626172 0.507500 0.032031 0.045000
0 0.581641 0.476250 0.030469 0.035000
0 0.532031 0.564375 0.042188 0.063750
1 0.412109 0.501250 0.036719 0.037500
1 0.377734 0.506250 0.032031 0.030000
1 0.714063 0.566875 0.032813 0.026250
0 0.723828 0.481875 0.032031 0.031250
1 0.405859 0.680625 0.044531 0.018750
0 0.506250 0.516875 0.031250 0.046250
0 0.510547 0.490000 0.039844 0.042500
0 0.455859 0.481250 0.046094 0.042500
1 0.619141 0.444375 0.046094 0.046250
1 0.661328 0.445000 0.032031 0.035000
0 0.754687 0.501250 0.034375 0.037500
1 0.789062 0.614375 0.037500 0.033750
0 0.817578 0.590000 0.041406 0.040000
0 0.810156 0.550625 0.037500 0.043750
