1 0.630469 0.543125 0.032813 0.023750
1 0.633203 0.578125 0.035156 0.021250
1 0.584375 0.625625 0.032813 0.018750
1 0.410547 0.628125 0.036719 0.021250
1 0.126562 0.769375 0.035937 0.016250
1 0.109766 0.305625 0.039844 0.026250
1 0.312891 0.338125 0.038281 0.023750
1 0.293359 0.412500 0.032031 0.020000
1 0.296094 0.482500 0.037500 0.025000
1 0.152344 0.512500 0.043750 0.022500
1 0.101562 0.484375 0.035937 0.018750
1 0.112109 0.441875 0.032031 0.023750
1 0.056250 0.377500 0.031250 0.020000
1 0.198828 0.473750 0.053906 0.022500
0 0.028125 0.335000 0.040625 0.042500
0 0.142969 0.352500 0.043750 0.035000
0 0.076172 0.461875 0.041406 0.038750
0 0.024219 0.391875 0.039062 0.068750
0 0.009766 0.583750 0.017969 0.030000
0 0.245703 0.501875 0.032031 0.038750
0 0.280078 0.519375 0.032031 0.033750
1 0.269531 0.549375 0.029687 0.023750
0 0.276562 0.393125 0.034375 0.028750
0 0.251172 0.452500 0.047656 0.050000
0 0.305078 0.433125 0.035156 0.028750
0 0.396484 0.388125 0.035156 0.026250
0 0.360547 0.422500 0.053906 0.062500
0 0.409375 0.468750 0.032813 0.040000
0 0.367969 0.485625 0.054688 0.018750
0 0.401562 0.510000 0.026562 0.047500
0 0.396484 0.553750 0.030469 0.040000
0 0.345703 0.563125 0.033594 0.036250
0 0.597266 0.460000 0.053906 0.040000
0 0.601953 0.505625 0.035156 0.038750
0 0.642188 0.506250 0.029687 0.050000
0 0.594141 0.536875 0.032031 0.031250
0 0.503906 0.582500 0.026562 0.030000
0 0.522266 0.571250 0.027344 0.030000
0 0.545312 0.557500 0.032813 0.032500
0 0.518359 0.495625 0.032031 0.041250
0 0.551562 0.514375 0.034375 0.043750
1 0.208984 0.418750 0.032031 0.027500
1 0.439453 0.660000 0.038281 0.022500
0 0.511719 0.441875 0.032813 0.048750
0 0.293359 0.576250 0.039844 0.037500
1 0.492188 0.527500 0.039062 0.030000
1 0.447656 0.461875 0.029687 0.016250
0 0.676172 0.483750 0.047656 0.060000
0 0.704688 0.558750 0.039062 0.057500
1 0.457031 0.596875 0.039062 0.018750
