1 0.530469 0.645000 0.025000 0.020000
1 0.325391 0.673125 0.028906 0.018750
1 0.319922 0.631250 0.038281 0.020000
1 0.326172 0.582500 0.039844 0.017500
1 0.361719 0.541875 0.031250 0.021250
1 0.549609 0.542500 0.032031 0.017500
1 0.376563 0.497500 0.040625 0.020000
1 0.398828 0.517500 0.035156 0.020000
1 0.206641 0.631875 0.042969 0.018750
1 0.030859 0.794375 0.038281 0.021250
1 0.076172 0.462500 0.038281 0.020000
0 0.056641 0.326250 0.036719 0.032500
1 0.123828 0.408750 0.038281 0.030000
0 0.025391 0.431250 0.038281 0.025000
1 0.199609 0.394375 0.033594 0.021250
1 0.185938 0.372500 0.035937 0.037500
0 0.314063 0.373125 0.039062 0.031250
0 0.198437 0.511875 0.031250 0.036250
0 0.162500 0.496250 0.040625 0.040000
0 0.184375 0.546250 0.034375 0.025000
0 0.196875 0.573750 0.037500 0.032500
0 0.269922 0.564375 0.033594 0.036250
0 0.466406 0.551250 0.029687 0.032500
0 0.436328 0.563125 0.027344 0.033750
0 0.422266 0.578125 0.039844 0.038750
0 0.275000 0.485000 0.046875 0.032500
0 0.319141 0.495625 0.033594 0.056250
0 0.337891 0.465625 0.027344 0.033750
1 0.206641 0.482500 0.033594 0.022500
0 0.278516 0.411250 0.061719 0.065000
0 0.169141 0.444375 0.050781 0.051250
1 0.512109 0.533750 0.038281 0.025000
0 0.521875 0.501250 0.034375 0.042500
0 0.441406 0.488125 0.031250 0.051250
0 0.474609 0.510625 0.041406 0.033750
0 0.428906 0.426250 0.031250 0.040000
0 0.508203 0.447500 0.046094 0.052500
0 0.563281 0.498750 0.034375 0.040000
0 0.577734 0.469375 0.033594 0.051250
1 0.095703 0.451875 0.038281 0.018750
1 0.030859 0.510000 0.038281 0.025000
0 0.612500 0.569375 0.039062 0.031250
0 0.623047 0.548750 0.039844 0.027500
0 0.682422 0.556875 0.060156 0.073750
0 0.644531 0.587500 0.042188 0.037500
0 0.780469 0.577500 0.037500 0.040000
0 0.777734 0.538750 0.046094 0.045000
0 0.739453 0.473750 0.038281 0.057500
0 0.320312 0.551250 0.034375 0.037500
