0 0.063672 0.720000 0.047656 0.025000
0 0.133203 0.639375 0.049219 0.021250
0 0.257422 0.633750 0.041406 0.022500
0 0.310937 0.541875 0.034375 0.023750
0 0.336328 0.516250 0.041406 0.027500
0 0.065234 0.402500 0.033594 0.030000
0 0.121094 0.355625 0.037500 0.028750
0 0.026562 0.436875 0.040625 0.023750
0 0.145703 0.480625 0.030469 0.021250
0 0.159375 0.411250 0.032813 0.030000
0 0.129297 0.385625 0.047656 0.028750
0 0.497656 0.540000 0.031250 0.025000
0 0.262109 0.686875 0.049219 0.021250
0 0.350000 0.673125 0.039062 0.023750
0 0.490625 0.657500 0.031250 0.022500
0 0.487891 0.615625 0.042969 0.021250
0 0.250781 0.591250 0.043750 0.017500
0 0.096875 0.518125 0.046875 0.026250
1 0.217578 0.561875 0.033594 0.036250
1 0.133594 0.572500 0.045312 0.035000
1 0.126562 0.546875 0.035937 0.031250
1 0.144141 0.512500 0.036719 0.037500
1 0.107422 0.490000 0.036719 0.040000
1 0.220703 0.481875 0.044531 0.036250
1 0.268750 0.488125 0.040625 0.061250
1 0.289844 0.456250 0.028125 0.032500
1 0.258203 0.360625 0.042969 0.038750
1 0.269531 0.553750 0.031250 0.040000
1 0.414844 0.552500 0.031250 0.032500
1 0.458203 0.531250 0.038281 0.027500
1 0.467187 0.498125 0.034375 0.041250
1 0.369531 0.577500 0.035937 0.040000
1 0.383594 0.560000 0.031250 0.040000
1 0.383594 0.483125 0.039062 0.053750
1 0.419141 0.505000 0.044531 0.035000
1 0.221094 0.399375 0.059375 0.081250
1 0.095703 0.447500 0.035156 0.030000
1 0.117578 0.431250 0.041406 0.045000
1 0.553125 0.566250 0.040625 0.035000
1 0.565625 0.535625 0.039062 0.038750
1 0.593750 0.575625 0.028125 0.048750
1 0.592578 0.518125 0.032031 0.036250
1 0.639062 0.551875 0.050000 0.078750
1 0.511328 0.495625 0.038281 0.038750
1 0.513281 0.453750 0.040625 0.055000
1 0.455859 0.434375 0.046094 0.056250
1 0.562109 0.490000 0.035156 0.035000
1 0.683203 0.466250 0.038281 0.055000
1 0.733594 0.573750 0.043750 0.045000
1 0.705859 0.537500 0.033594 0.042500
1 0.786328 0.567500 0.039844 0.050000
1 0.829688 0.580000 0.037500 0.065000
1 0.579688 0.443750 0.042188 0.040000
1 0.733203 0.473125 0.036719 0.046250
