1 0.610547 0.655625 0.038281 0.018750
1 0.280859 0.687500 0.032031 0.025000
1 0.308594 0.778125 0.034375 0.018750
1 0.392188 0.651875 0.045312 0.026250
1 0.465234 0.591875 0.039844 0.026250
1 0.613281 0.682500 0.035937 0.022500
1 0.240234 0.618750 0.039844 0.017500
1 0.171094 0.656875 0.035937 0.013750
1 0.179688 0.315625 0.032813 0.021250
1 0.443359 0.411250 0.041406 0.027500
1 0.527344 0.425625 0.032813 0.023750
1 0.606250 0.428125 0.034375 0.021250
1 0.656250 0.463750 0.034375 0.020000
1 0.348047 0.633125 0.035156 0.016250
1 0.382812 0.633750 0.031250 0.022500
1 0.086719 0.451875 0.032813 0.021250
1 0.146875 0.424375 0.040625 0.021250
1 0.278906 0.400000 0.039062 0.032500
1 0.501953 0.494375 0.038281 0.028750
1 0.479687 0.432500 0.035937 0.027500
1 0.558203 0.446875 0.036719 0.021250
1 0.224219 0.540625 0.032813 0.018750
1 0.237891 0.555000 0.027344 0.020000
1 0.202344 0.474375 0.034375 0.026250
1 0.085547 0.402500 0.033594 0.020000
1 0.207813 0.627500 0.035937 0.017500
0 0.553125 0.485000 0.029687 0.037500
0 0.503125 0.532500 0.037500 0.045000
0 0.437109 0.486250 0.033594 0.035000
0 0.415625 0.451875 0.039062 0.036250
0 0.449219 0.462500 0.029687 0.040000
0 0.412500 0.376250 0.040625 0.042500
0 0.414844 0.600000 0.031250 0.032500
0 0.074219 0.541875 0.043750 0.046250
0 0.152344 0.480625 0.040625 0.031250
1 0.190625 0.435000 0.034375 0.020000
0 0.255859 0.362500 0.033594 0.035000
0 0.093359 0.496875 0.028906 0.061250
0 0.034766 0.512500 0.041406 0.042500
0 0.047266 0.390625 0.032031 0.031250
0 0.042578 0.418750 0.028906 0.042500
0 0.044531 0.468125 0.034375 0.053750
0 0.098437 0.416250 0.029687 0.035000
0 0.125781 0.523750 0.043750 0.042500
0 0.276172 0.571875 0.039844 0.046250
0 0.291797 0.545625 0.046094 0.046250
0 0.346875 0.550000 0.029687 0.045000
0 0.367578 0.520625 0.036719 0.038750
0 0.401953 0.560625 0.052344 0.038750
0 0.320703 0.449375 0.033594 0.036250
0 0.710938 0.491875 0.031250 0.038750
0 0.686719 0.576875 0.034375 0.041250
0 0.721875 0.596875 0.035937 0.036250
0 0.654687 0.527500 0.026562 0.037500
0 0.670703 0.498125 0.032031 0.041250
0 0.635156 0.484375 0.035937 0.036250
1 0.242969 0.476875 0.035937 0.026250
1 0.244141 0.508750 0.039844 0.032500
1 0.247266 0.435000 0.042969 0.025000
0 0.232422 0.406250 0.036719 0.037500
0 0.779687 0.473750 0.045312 0.047500
0 0.771484 0.518750 0.050781 0.042500
0 0.739844 0.546250 0.023438 0.037500
0 0.769531 0.575625 0.035937 0.076250
0 0.586719 0.523750 0.031250 0.032500
