1 0.297656 0.720625 0.023438 0.021250
0 0.091016 0.576875 0.044531 0.031250
1 0.051953 0.530625 0.030469 0.023750
1 0.037500 0.621875 0.039062 0.018750
1 0.210547 0.642500 0.032031 0.020000
1 0.275391 0.596875 0.033594 0.018750
1 0.237891 0.588750 0.035156 0.020000
1 0.424609 0.553750 0.036719 0.015000
1 0.183984 0.336875 0.035156 0.031250
1 0.229687 0.356875 0.039062 0.026250
1 0.525000 0.373125 0.037500 0.028750
0 0.014063 0.550625 0.026562 0.043750
0 0.028516 0.439375 0.047656 0.056250
0 0.094141 0.541875 0.044531 0.038750
0 0.137891 0.542500 0.035156 0.037500
0 0.163672 0.520000 0.044531 0.035000
0 0.159766 0.473125 0.039844 0.056250
0 0.289453 0.393125 0.047656 0.048750
0 0.332031 0.565000 0.034375 0.037500
0 0.261328 0.542500 0.044531 0.035000
1 0.267578 0.579375 0.038281 0.021250
1 0.290234 0.568125 0.032031 0.028750
0 0.189062 0.379375 0.042188 0.036250
0 0.228516 0.405625 0.044531 0.036250
1 0.226562 0.436250 0.045312 0.030000
0 0.521094 0.411250 0.042188 0.042500
0 0.482031 0.545625 0.039062 0.058750
0 0.463672 0.486875 0.035156 0.053750
0 0.398828 0.400625 0.039844 0.043750
0 0.400391 0.442500 0.038281 0.037500
0 0.361328 0.481250 0.035156 0.027500
0 0.362891 0.451250 0.038281 0.042500
1 0.406250 0.480000 0.046875 0.037500
0 0.351562 0.535625 0.032813 0.038750
0 0.384375 0.513750 0.053125 0.037500
0 0.393359 0.535625 0.033594 0.036250
0 0.242578 0.486875 0.044531 0.051250
0 0.282031 0.498750 0.040625 0.057500
0 0.315234 0.502500 0.044531 0.050000
0 0.110547 0.452500 0.039844 0.035000
0 0.527734 0.479375 0.039844 0.038750
1 0.514844 0.525000 0.032813 0.022500
1 0.419531 0.336875 0.043750 0.031250
1 0.131250 0.238125 0.043750 0.031250
1 0.116016 0.306250 0.036719 0.030000
1 0.342969 0.386250 0.045312 0.027500
0 0.589063 0.475625 0.048438 0.058750
0 0.575391 0.556875 0.033594 0.046250
0 0.602734 0.576250 0.039844 0.072500
0 0.631641 0.537500 0.030469 0.045000
0 0.659766 0.557500 0.038281 0.065000
0 0.650781 0.457500 0.040625 0.047500
0 0.714063 0.569375 0.051562 0.051250
0 0.706641 0.511875 0.041406 0.048750
0 0.341016 0.432500 0.036719 0.040000
1 0.451172 0.440625 0.041406 0.033750
0 0.428906 0.414375 0.026562 0.041250
1 0.135937 0.358750 0.034375 0.027500
1 0.346484 0.296250 0.039844 0.025000
