1 0.094922 0.778125 0.036719 0.023750
1 0.381641 0.628750 0.033594 0.020000
1 0.569922 0.627500 0.024219 0.020000
1 0.604688 0.543125 0.028125 0.018750
1 0.602344 0.583750 0.031250 0.025000
1 0.365625 0.662500 0.028125 0.017500
1 0.402734 0.666250 0.036719 0.017500
1 0.064062 0.482500 0.037500 0.020000
1 0.083594 0.440625 0.035937 0.028750
1 0.181250 0.415000 0.028125 0.025000
1 0.282031 0.327500 0.035937 0.025000
1 0.077734 0.296875 0.036719 0.028750
1 0.045312 0.349375 0.035937 0.021250
1 0.057422 0.409375 0.047656 0.023750
1 0.268750 0.483125 0.037500 0.021250
1 0.264062 0.406875 0.034375 0.018750
1 0.112109 0.511250 0.044531 0.020000
1 0.554688 0.577500 0.031250 0.022500
1 0.516797 0.594375 0.039844 0.018750
0 0.111719 0.345625 0.040625 0.033750
0 0.050391 0.454375 0.033594 0.041250
0 0.248047 0.386250 0.038281 0.032500
0 0.364844 0.383750 0.037500 0.027500
0 0.337891 0.418125 0.060156 0.066250
0 0.390234 0.470000 0.032031 0.035000
0 0.335938 0.485625 0.056250 0.021250
0 0.373047 0.503125 0.030469 0.046250
0 0.216016 0.500000 0.032031 0.040000
0 0.253125 0.518750 0.031250 0.032500
0 0.239844 0.546250 0.035937 0.030000
0 0.262891 0.577500 0.036719 0.035000
0 0.318359 0.566875 0.025781 0.033750
0 0.368750 0.552500 0.039062 0.045000
0 0.475000 0.582500 0.031250 0.040000
0 0.493359 0.568750 0.025781 0.032500
0 0.517578 0.555000 0.038281 0.035000
0 0.490625 0.491250 0.032813 0.047500
0 0.523438 0.511875 0.043750 0.038750
0 0.566797 0.536875 0.033594 0.031250
0 0.576562 0.504375 0.032813 0.041250
0 0.573438 0.458125 0.051562 0.038750
0 0.618750 0.505000 0.029687 0.040000
0 0.223828 0.446875 0.046094 0.051250
1 0.463281 0.526875 0.040625 0.031250
1 0.136328 0.448750 0.041406 0.022500
1 0.141406 0.400625 0.040625 0.021250
0 0.646484 0.476875 0.049219 0.056250
0 0.675000 0.556875 0.039062 0.058750
0 0.824609 0.586875 0.039844 0.038750
0 0.825000 0.554375 0.037500 0.036250
0 0.690625 0.463750 0.034375 0.042500
0 0.738281 0.570000 0.064062 0.075000
1 0.415625 0.599375 0.039062 0.021250
1 0.205859 0.696250 0.039844 0.025000
1 0.526172 0.426875 0.041406 0.026250
0 0.695312 0.591875 0.029687 0.031250
0 0.276172 0.430000 0.036719 0.025000
