1 0.467969 0.725625 0.035937 0.026250
1 0.158203 0.824375 0.047656 0.026250
1 0.030078 0.720625 0.035156 0.023750
1 0.157031 0.670625 0.040625 0.016250
1 0.380078 0.635000 0.035156 0.020000
1 0.467578 0.607500 0.039844 0.025000
1 0.499609 0.650625 0.041406 0.028750
1 0.635938 0.618125 0.040625 0.023750
1 0.371484 0.555625 0.044531 0.026250
1 0.022656 0.651875 0.043750 0.031250
1 0.079687 0.565625 0.039062 0.021250
1 0.089063 0.582500 0.035937 0.017500
1 0.108984 0.545625 0.036719 0.016250
1 0.125000 0.519375 0.040625 0.026250
1 0.142578 0.505625 0.033594 0.021250
1 0.027344 0.431875 0.035937 0.021250
1 0.371875 0.366250 0.031250 0.027500
1 0.506250 0.388750 0.045312 0.030000
1 0.103516 0.347500 0.036719 0.027500
1 0.064062 0.366250 0.040625 0.017500
1 0.240234 0.389375 0.049219 0.026250
0 0.076172 0.538125 0.022656 0.018750
0 0.039062 0.570000 0.051562 0.055000
0 0.026953 0.459375 0.042969 0.028750
0 0.091406 0.433750 0.039062 0.037500
0 0.132422 0.446875 0.035156 0.046250
0 0.148438 0.415000 0.039062 0.052500
1 0.187500 0.459375 0.035937 0.031250
0 0.172266 0.496875 0.033594 0.026250
0 0.191797 0.397500 0.028906 0.030000
0 0.167187 0.359375 0.034375 0.048750
0 0.184766 0.329375 0.047656 0.046250
0 0.197656 0.367500 0.034375 0.030000
0 0.291797 0.440000 0.033594 0.040000
0 0.340625 0.491875 0.039062 0.043750
0 0.326562 0.530000 0.031250 0.040000
0 0.444531 0.411875 0.035937 0.033750
0 0.607812 0.433750 0.035937 0.042500
0 0.425000 0.495625 0.037500 0.033750
1 0.426172 0.558125 0.039844 0.026250
0 0.258203 0.549375 0.041406 0.053750
0 0.226172 0.518750 0.041406 0.042500
0 0.205859 0.546875 0.041406 0.041250
0 0.233203 0.484375 0.038281 0.043750
0 0.268750 0.505625 0.042188 0.051250
1 0.211328 0.431250 0.039844 0.030000
0 0.478125 0.516875 0.051562 0.033750
0 0.497266 0.566250 0.044531 0.057500
0 0.444531 0.448750 0.043750 0.040000
0 0.698047 0.564375 0.030469 0.036250
0 0.733594 0.538750 0.034375 0.052500
0 0.635156 0.515000 0.060937 0.065000
0 0.601953 0.605625 0.035156 0.046250
0 0.542188 0.518125 0.031250 0.036250
0 0.566797 0.550625 0.049219 0.051250
0 0.583203 0.483125 0.041406 0.051250
0 0.539453 0.481250 0.032031 0.042500
1 0.285938 0.651875 0.045312 0.026250
1 0.094531 0.644375 0.042188 0.018750
1 0.676172 0.458125 0.038281 0.028750
0 0.846094 0.593750 0.031250 0.032500
0 0.818750 0.500000 0.039062 0.035000
1 0.077344 0.496250 0.045312 0.025000
