0 0.274609 0.523750 0.046094 0.045000
0 0.238672 0.454375 0.035156 0.036250
0 0.261719 0.330625 0.050000 0.038750
0 0.175000 0.360000 0.039062 0.047500
0 0.062109 0.356250 0.047656 0.042500
0 0.017969 0.371250 0.034375 0.037500
0 0.028125 0.526250 0.040625 0.040000
0 0.035937 0.570625 0.043750 0.043750
0 0.121094 0.556875 0.032813 0.046250
0 0.132422 0.460625 0.030469 0.041250
0 0.028516 0.468125 0.035156 0.033750
0 0.057813 0.475625 0.043750 0.053750
0 0.101562 0.481875 0.042188 0.041250
0 0.143750 0.398750 0.031250 0.040000
0 0.178125 0.407500 0.045312 0.045000
0 0.155469 0.502500 0.039062 0.055000
0 0.189844 0.493750 0.035937 0.052500
0 0.383984 0.456875 0.049219 0.048750
0 0.418359 0.568750 0.042969 0.077500
0 0.465234 0.524375 0.042969 0.033750
0 0.506250 0.544375 0.054688 0.046250
0 0.499609 0.575000 0.035156 0.045000
0 0.495312 0.458125 0.040625 0.048750
0 0.521484 0.432500 0.032031 0.035000
0 0.582422 0.453125 0.047656 0.051250
0 0.568750 0.483125 0.043750 0.041250
0 0.618750 0.547500 0.043750 0.045000
0 0.562109 0.534375 0.042969 0.048750
0 0.641797 0.451875 0.032031 0.053750
0 0.666406 0.486250 0.025000 0.035000
0 0.675391 0.437500 0.030469 0.032500
1 0.022656 0.608750 0.039062 0.022500
1 0.171094 0.557500 0.035937 0.025000
1 0.097266 0.391250 0.036719 0.027500
1 0.106250 0.420000 0.032813 0.022500
1 0.364063 0.560000 0.039062 0.025000
1 0.439453 0.293125 0.041406 0.041250
1 0.266406 0.290625 0.039062 0.033750
1 0.417969 0.480625 0.032813 0.021250
1 0.632812 0.380000 0.034375 0.027500
1 0.500000 0.381250 0.040625 0.030000
1 0.480078 0.411250 0.033594 0.032500
1 0.460547 0.455000 0.046094 0.030000
1 0.425391 0.426875 0.030469 0.031250
0 0.391797 0.408125 0.057031 0.048750
1 0.333203 0.393750 0.049219 0.030000
1 0.543359 0.363750 0.038281 0.027500
1 0.451562 0.606875 0.035937 0.026250
1 0.359766 0.618125 0.036719 0.023750
1 0.435937 0.624375 0.028125 0.021250
1 0.018750 0.323750 0.034375 0.020000
1 0.151562 0.220625 0.031250 0.031250
0 0.700781 0.500000 0.035937 0.060000
