1 0.453906 0.669375 0.026562 0.021250
1 0.053125 0.646875 0.045312 0.023750
1 0.075391 0.686875 0.044531 0.021250
1 0.231641 0.686875 0.030469 0.021250
1 0.275781 0.690000 0.037500 0.017500
1 0.260937 0.539375 0.029687 0.023750
1 0.273047 0.507500 0.041406 0.027500
1 0.013672 0.394375 0.025781 0.021250
1 0.018359 0.511875 0.032031 0.018750
1 0.058203 0.343125 0.042969 0.028750
1 0.056250 0.377500 0.048438 0.030000
1 0.098437 0.400000 0.042188 0.030000
0 0.037500 0.443750 0.034375 0.030000
0 0.047656 0.485000 0.035937 0.037500
1 0.083203 0.479375 0.038281 0.028750
0 0.058203 0.425625 0.030469 0.033750
0 0.068359 0.545000 0.036719 0.027500
0 0.064844 0.571250 0.040625 0.032500
0 0.086328 0.511875 0.033594 0.036250
0 0.216406 0.553125 0.035937 0.036250
0 0.166406 0.558125 0.031250 0.031250
0 0.171094 0.480000 0.051562 0.035000
0 0.198828 0.348750 0.035156 0.045000
0 0.221484 0.481875 0.052344 0.051250
0 0.235547 0.449375 0.038281 0.046250
0 0.160938 0.389375 0.056250 0.063750
0 0.312500 0.575625 0.035937 0.033750
0 0.324219 0.555625 0.031250 0.053750
0 0.357812 0.549375 0.035937 0.031250
0 0.330859 0.485000 0.030469 0.045000
0 0.363672 0.498125 0.052344 0.033750
0 0.400000 0.528750 0.035937 0.037500
0 0.401562 0.423125 0.045312 0.051250
0 0.460938 0.494375 0.028125 0.038750
0 0.451172 0.444375 0.036719 0.046250
1 0.442188 0.538125 0.029687 0.026250
1 0.298047 0.430000 0.041406 0.030000
1 0.126172 0.436875 0.038281 0.028750
0 0.495703 0.553750 0.046094 0.040000
0 0.499609 0.481875 0.041406 0.031250
0 0.517578 0.433125 0.049219 0.041250
1 0.426953 0.340000 0.042969 0.032500
1 0.591797 0.475000 0.036719 0.027500
0 0.535547 0.578125 0.028906 0.038750
0 0.558594 0.563125 0.029687 0.031250
0 0.550000 0.515625 0.035937 0.043750
0 0.590234 0.547500 0.049219 0.065000
0 0.582422 0.504375 0.032031 0.043750
0 0.632031 0.471250 0.032813 0.035000
0 0.679688 0.568750 0.035937 0.050000
0 0.692969 0.526875 0.037500 0.041250
0 0.671094 0.467500 0.032813 0.045000
0 0.742969 0.568125 0.025000 0.038750
1 0.432031 0.396875 0.039062 0.028750
1 0.592578 0.429375 0.036719 0.023750
1 0.175000 0.536250 0.039062 0.022500
1 0.184766 0.696250 0.050781 0.022500
1 0.434375 0.609375 0.040625 0.021250
1 0.293359 0.385625 0.039844 0.023750
