1 0.047656 0.698125 0.042188 0.023750
1 0.086328 0.846875 0.033594 0.023750
1 0.421484 0.665000 0.039844 0.025000
1 0.616406 0.633750 0.037500 0.022500
1 0.067578 0.263750 0.039844 0.030000
1 0.064844 0.367500 0.042188 0.032500
1 0.112891 0.451875 0.038281 0.021250
1 0.258594 0.463125 0.031250 0.026250
1 0.354687 0.441875 0.032813 0.023750
1 0.428906 0.424375 0.040625 0.028750
1 0.291016 0.731875 0.036719 0.023750
1 0.107422 0.582500 0.038281 0.020000
0 0.139844 0.588750 0.031250 0.037500
0 0.223828 0.488750 0.041406 0.032500
0 0.282031 0.398125 0.032813 0.033750
0 0.132031 0.290000 0.037500 0.050000
0 0.117578 0.351250 0.035156 0.032500
0 0.173047 0.380000 0.047656 0.040000
0 0.150781 0.450000 0.031250 0.027500
0 0.157031 0.411250 0.039062 0.060000
0 0.063672 0.471250 0.042969 0.027500
0 0.057813 0.536875 0.029687 0.048750
0 0.103516 0.546875 0.041406 0.041250
0 0.118359 0.509375 0.032031 0.028750
0 0.012891 0.534375 0.022656 0.043750
0 0.014844 0.423125 0.028125 0.036250
1 0.277344 0.343750 0.040625 0.027500
0 0.495312 0.499375 0.042188 0.036250
0 0.528516 0.418125 0.038281 0.043750
0 0.489063 0.422500 0.045312 0.035000
0 0.447656 0.454375 0.035937 0.036250
0 0.379297 0.508750 0.035156 0.040000
0 0.415625 0.556250 0.034375 0.027500
0 0.387500 0.471250 0.057813 0.027500
0 0.435547 0.488750 0.027344 0.032500
0 0.538672 0.485000 0.035156 0.037500
0 0.525781 0.538750 0.032813 0.057500
0 0.473047 0.576875 0.030469 0.041250
1 0.468359 0.331875 0.044531 0.028750
1 0.345313 0.518125 0.034375 0.021250
1 0.348047 0.493125 0.030469 0.016250
0 0.635547 0.582500 0.036719 0.047500
0 0.641016 0.500000 0.035156 0.055000
0 0.676562 0.512500 0.034375 0.062500
0 0.673047 0.570625 0.035156 0.061250
0 0.416406 0.531875 0.034375 0.031250
