1 0.597656 0.636250 0.035937 0.030000
1 0.220703 0.673750 0.041406 0.022500
1 0.205078 0.646250 0.039844 0.017500
1 0.124609 0.712500 0.035156 0.017500
1 0.198437 0.813125 0.028125 0.018750
1 0.069141 0.626875 0.038281 0.016250
1 0.053516 0.647500 0.036719 0.015000
1 0.422656 0.510625 0.035937 0.021250
1 0.402344 0.483750 0.034375 0.027500
1 0.609766 0.383750 0.028906 0.022500
1 0.450391 0.693750 0.038281 0.022500
1 0.113281 0.359375 0.034375 0.023750
1 0.120313 0.330625 0.034375 0.028750
1 0.280469 0.377500 0.034375 0.027500
1 0.062891 0.522500 0.036719 0.022500
1 0.282422 0.495625 0.036719 0.016250
1 0.354687 0.445625 0.026562 0.023750
1 0.491016 0.414375 0.027344 0.018750
1 0.495703 0.442500 0.039844 0.017500
1 0.490234 0.460625 0.032031 0.018750
1 0.309766 0.358750 0.032031 0.022500
0 0.182422 0.364375 0.013281 0.028750
1 0.064062 0.409375 0.035937 0.021250
0 0.085547 0.499375 0.032031 0.033750
0 0.204687 0.541875 0.035937 0.051250
0 0.216016 0.491875 0.038281 0.048750
0 0.254688 0.535000 0.040625 0.065000
0 0.277734 0.590625 0.036719 0.036250
1 0.103516 0.549375 0.027344 0.023750
0 0.155859 0.545000 0.035156 0.035000
1 0.127344 0.493750 0.032813 0.020000
0 0.127734 0.451250 0.035156 0.050000
1 0.177734 0.459375 0.038281 0.026250
1 0.233203 0.404375 0.041406 0.033750
0 0.274219 0.335000 0.035937 0.047500
0 0.161719 0.430625 0.043750 0.023750
0 0.367578 0.510000 0.044531 0.037500
1 0.271875 0.456875 0.037500 0.021250
0 0.294531 0.433750 0.042188 0.055000
1 0.419922 0.441250 0.036719 0.027500
1 0.517578 0.519375 0.039844 0.026250
1 0.585547 0.455625 0.036719 0.026250
0 0.641406 0.485625 0.048438 0.041250
0 0.644141 0.447500 0.063281 0.042500
1 0.595313 0.492500 0.042188 0.022500
0 0.623047 0.509375 0.028906 0.036250
0 0.645703 0.544375 0.030469 0.046250
1 0.551562 0.535000 0.039062 0.027500
1 0.558203 0.562500 0.041406 0.030000
1 0.583984 0.523125 0.041406 0.033750
1 0.440625 0.386875 0.040625 0.028750
0 0.019531 0.471250 0.032813 0.032500
1 0.020703 0.409375 0.039844 0.016250
0 0.762891 0.586875 0.038281 0.038750
1 0.511719 0.478750 0.039062 0.027500
0 0.536328 0.486875 0.027344 0.046250
0 0.607422 0.585625 0.027344 0.031250
0 0.756641 0.506250 0.044531 0.055000
1 0.694141 0.551250 0.039844 0.027500
