1 0.152734 0.651250 0.038281 0.022500
1 0.074609 0.630625 0.042969 0.018750
1 0.107813 0.605625 0.039062 0.021250
1 0.169141 0.593125 0.042969 0.026250
1 0.212500 0.600625 0.039062 0.023750
1 0.115234 0.553750 0.036719 0.022500
1 0.257422 0.731250 0.027344 0.022500
1 0.157812 0.513125 0.039062 0.023750
1 0.350781 0.305625 0.039062 0.031250
1 0.460547 0.348125 0.042969 0.036250
1 0.390625 0.449375 0.040625 0.026250
1 0.426563 0.450000 0.032813 0.025000
1 0.297266 0.476250 0.035156 0.030000
1 0.301563 0.318125 0.051562 0.033750
1 0.278516 0.344375 0.030469 0.023750
1 0.280469 0.375625 0.037500 0.031250
1 0.203516 0.447500 0.035156 0.020000
1 0.256641 0.520000 0.032031 0.022500
1 0.096875 0.340625 0.028125 0.028750
1 0.122656 0.323125 0.034375 0.031250
0 0.057031 0.451875 0.037500 0.038750
0 0.037891 0.538125 0.047656 0.036250
0 0.037109 0.575000 0.042969 0.042500
0 0.079297 0.539375 0.030469 0.036250
0 0.106250 0.515000 0.031250 0.037500
0 0.087500 0.478125 0.048438 0.048750
0 0.120313 0.451250 0.031250 0.040000
0 0.155859 0.423125 0.044531 0.041250
0 0.234375 0.386250 0.050000 0.045000
0 0.347656 0.392500 0.048438 0.045000
0 0.453516 0.394375 0.046094 0.043750
0 0.429297 0.540625 0.039844 0.046250
0 0.473047 0.470625 0.033594 0.033750
0 0.409766 0.480625 0.039844 0.038750
0 0.204687 0.538125 0.045312 0.036250
0 0.255078 0.493125 0.063281 0.038750
0 0.171875 0.397500 0.048438 0.040000
0 0.133203 0.368750 0.036719 0.035000
0 0.277734 0.565000 0.036719 0.030000
0 0.302344 0.526875 0.029687 0.033750
0 0.333984 0.515000 0.053906 0.047500
1 0.344141 0.468125 0.036719 0.028750
1 0.283203 0.421875 0.033594 0.028750
0 0.308203 0.439375 0.030469 0.043750
0 0.341406 0.436250 0.031250 0.037500
1 0.319141 0.608750 0.030469 0.030000
1 0.268359 0.618750 0.036719 0.020000
1 0.351953 0.575000 0.028906 0.022500
0 0.534766 0.468750 0.047656 0.065000
0 0.534766 0.558125 0.028906 0.041250
0 0.558594 0.574375 0.040625 0.066250
0 0.590234 0.528750 0.032031 0.035000
0 0.617578 0.548750 0.030469 0.055000
1 0.619141 0.600000 0.041406 0.022500
0 0.657813 0.500625 0.040625 0.053750
0 0.671094 0.570625 0.050000 0.048750
0 0.685547 0.468750 0.028906 0.052500
0 0.704688 0.551250 0.034375 0.040000
0 0.707812 0.512500 0.032813 0.047500
0 0.733984 0.476875 0.041406 0.043750
0 0.225781 0.568750 0.045312 0.027500
0 0.185938 0.485000 0.039062 0.047500
1 0.360938 0.553125 0.039062 0.021250
