1 0.093750 0.718125 0.042188 0.021250
1 0.169922 0.649375 0.038281 0.018750
1 0.185547 0.679375 0.041406 0.023750
1 0.174219 0.818125 0.032813 0.018750
1 0.419531 0.701250 0.034375 0.017500
1 0.561719 0.643125 0.040625 0.021250
1 0.371875 0.478750 0.035937 0.020000
1 0.388281 0.509375 0.034375 0.021250
1 0.462500 0.455625 0.035937 0.026250
1 0.279297 0.346875 0.030469 0.023750
1 0.327344 0.390000 0.042188 0.030000
1 0.079297 0.353125 0.038281 0.031250
1 0.028516 0.401875 0.044531 0.021250
1 0.033984 0.626875 0.038281 0.016250
1 0.024219 0.650000 0.035937 0.015000
1 0.195703 0.398750 0.041406 0.035000
1 0.247656 0.375000 0.042188 0.030000
1 0.093750 0.324375 0.034375 0.028750
1 0.029297 0.518750 0.036719 0.027500
1 0.051562 0.497500 0.032813 0.027500
0 0.087500 0.558750 0.050000 0.042500
0 0.125000 0.542500 0.035937 0.037500
0 0.175000 0.538750 0.032813 0.052500
0 0.245703 0.591250 0.038281 0.035000
0 0.336328 0.505000 0.038281 0.040000
0 0.246094 0.326250 0.034375 0.050000
0 0.186719 0.489375 0.039062 0.056250
0 0.214062 0.552500 0.026562 0.042500
0 0.231641 0.529375 0.033594 0.053750
1 0.016797 0.266250 0.032031 0.030000
1 0.401562 0.378125 0.034375 0.026250
1 0.392188 0.430000 0.035937 0.025000
0 0.105859 0.489375 0.046094 0.038750
0 0.094141 0.447500 0.046094 0.047500
1 0.134766 0.429375 0.044531 0.026250
0 0.272266 0.429375 0.057031 0.058750
1 0.272656 0.470000 0.043750 0.025000
1 0.528906 0.560000 0.035937 0.027500
1 0.492578 0.516875 0.041406 0.021250
0 0.519922 0.529375 0.024219 0.041250
1 0.487500 0.478125 0.035937 0.023750
0 0.559766 0.478750 0.028906 0.042500
0 0.619922 0.443750 0.067969 0.040000
0 0.605859 0.478125 0.036719 0.036250
0 0.607422 0.507500 0.044531 0.027500
0 0.579297 0.580625 0.032031 0.041250
0 0.622656 0.541875 0.025000 0.041250
0 0.642188 0.565625 0.028125 0.033750
0 0.737891 0.585000 0.036719 0.035000
0 0.782422 0.576875 0.038281 0.046250
0 0.734766 0.495000 0.046094 0.042500
1 0.468359 0.407500 0.038281 0.020000
0 0.143359 0.454375 0.033594 0.026250
