1 0.220312 0.747500 0.037500 0.027500
1 0.094922 0.657500 0.033594 0.032500
1 0.012891 0.630625 0.024219 0.023750
1 0.043359 0.622500 0.036719 0.017500
1 0.099219 0.596875 0.042188 0.023750
1 0.048438 0.549375 0.032813 0.023750
1 0.146875 0.603125 0.042188 0.026250
1 0.297656 0.556250 0.035937 0.032500
1 0.396484 0.329375 0.039844 0.036250
1 0.577734 0.386250 0.039844 0.045000
1 0.283984 0.278750 0.046094 0.035000
1 0.217188 0.362500 0.035937 0.032500
1 0.045312 0.322500 0.035937 0.027500
1 0.065234 0.310000 0.030469 0.030000
1 0.067578 0.446250 0.036719 0.027500
1 0.096484 0.510625 0.032031 0.023750
1 0.560547 0.601250 0.033594 0.017500
1 0.528906 0.618125 0.028125 0.013750
1 0.468750 0.526250 0.031250 0.022500
1 0.269141 0.611875 0.030469 0.016250
1 0.273828 0.593125 0.033594 0.021250
1 0.425391 0.467500 0.033594 0.027500
0 0.023047 0.536875 0.038281 0.023750
0 0.047656 0.515000 0.039062 0.030000
0 0.038672 0.475000 0.053906 0.050000
0 0.112891 0.389375 0.067969 0.041250
0 0.177734 0.375000 0.044531 0.037500
0 0.091016 0.415625 0.044531 0.036250
0 0.083984 0.357500 0.039844 0.035000
0 0.147656 0.535625 0.042188 0.041250
0 0.224609 0.563125 0.042969 0.033750
0 0.165625 0.567500 0.046875 0.037500
0 0.161719 0.496875 0.035937 0.048750
0 0.196875 0.486250 0.057813 0.045000
0 0.250781 0.526875 0.026562 0.033750
0 0.284375 0.511250 0.054688 0.047500
0 0.379297 0.535625 0.039844 0.051250
0 0.354297 0.475000 0.041406 0.032500
0 0.389062 0.373750 0.045312 0.052500
0 0.290234 0.384375 0.046094 0.036250
0 0.253906 0.425000 0.029687 0.042500
0 0.287500 0.425000 0.025000 0.040000
0 0.283594 0.460000 0.039062 0.030000
0 0.131641 0.474375 0.036719 0.036250
0 0.486328 0.472500 0.044531 0.060000
0 0.510547 0.570000 0.050781 0.075000
0 0.547656 0.526875 0.039062 0.033750
0 0.573047 0.546250 0.027344 0.060000
0 0.614844 0.571250 0.035937 0.057500
0 0.603906 0.480625 0.039062 0.038750
0 0.631250 0.465000 0.026562 0.037500
0 0.711328 0.551875 0.041406 0.043750
0 0.658594 0.500625 0.032813 0.046250
0 0.688672 0.469375 0.042969 0.066250
1 0.596875 0.442500 0.040625 0.030000
1 0.638281 0.433125 0.035937 0.023750
0 0.324609 0.425000 0.035156 0.045000
0 0.491016 0.433750 0.035156 0.035000
1 0.281250 0.351250 0.053125 0.030000
