1 0.562500 0.698125 0.032813 0.021250
1 0.623047 0.630000 0.038281 0.020000
1 0.449609 0.641250 0.047656 0.020000
1 0.499219 0.620000 0.035937 0.017500
1 0.530078 0.563125 0.033594 0.026250
1 0.550391 0.503125 0.035156 0.028750
1 0.089453 0.781875 0.042969 0.013750
1 0.016016 0.721875 0.030469 0.023750
1 0.145313 0.707500 0.032813 0.020000
1 0.168750 0.645000 0.040625 0.022500
1 0.183594 0.585625 0.026562 0.021250
1 0.207031 0.573750 0.032813 0.020000
1 0.235937 0.550625 0.035937 0.018750
1 0.148828 0.513125 0.038281 0.026250
1 0.201172 0.335000 0.036719 0.027500
1 0.214062 0.369375 0.034375 0.023750
1 0.360156 0.368125 0.043750 0.031250
1 0.478125 0.396875 0.032813 0.028750
0 0.010547 0.334375 0.019531 0.036250
0 0.071875 0.348125 0.059375 0.041250
0 0.033594 0.425000 0.035937 0.040000
0 0.021484 0.467500 0.036719 0.045000
0 0.046484 0.533125 0.039844 0.043750
0 0.075000 0.576250 0.040625 0.040000
0 0.104297 0.654375 0.036719 0.036250
0 0.139844 0.571250 0.046875 0.057500
0 0.069141 0.453125 0.038281 0.041250
0 0.085156 0.420625 0.045312 0.038750
0 0.122266 0.470625 0.046094 0.031250
0 0.210547 0.459375 0.033594 0.048750
0 0.252734 0.440000 0.039844 0.057500
0 0.266797 0.391250 0.030469 0.045000
0 0.289453 0.363750 0.035156 0.045000
0 0.312500 0.396250 0.032813 0.035000
1 0.266797 0.520000 0.041406 0.027500
0 0.447266 0.500625 0.036719 0.038750
0 0.442969 0.535625 0.042188 0.036250
1 0.548828 0.435625 0.036719 0.031250
0 0.550781 0.473750 0.045312 0.032500
0 0.401562 0.451875 0.034375 0.038750
0 0.311719 0.456875 0.039062 0.051250
0 0.364063 0.558750 0.026562 0.050000
0 0.325781 0.543750 0.042188 0.055000
0 0.389453 0.542500 0.044531 0.057500
0 0.606641 0.520000 0.053906 0.035000
0 0.643750 0.488125 0.046875 0.046250
0 0.617578 0.575625 0.049219 0.043750
0 0.701562 0.593125 0.037500 0.063750
0 0.666016 0.545625 0.041406 0.056250
0 0.720313 0.471250 0.035937 0.040000
0 0.732422 0.525000 0.041406 0.030000
0 0.749609 0.556250 0.044531 0.035000
0 0.811719 0.584375 0.051562 0.041250
0 0.364844 0.453750 0.039062 0.050000
