1 0.695312 0.651250 0.032813 0.030000
1 0.270703 0.745000 0.038281 0.022500
1 0.089844 0.639375 0.042188 0.023750
1 0.025781 0.525000 0.042188 0.027500
1 0.317969 0.686250 0.029687 0.027500
1 0.187500 0.690000 0.050000 0.022500
1 0.389844 0.631875 0.046875 0.031250
1 0.340625 0.535000 0.040625 0.030000
1 0.614844 0.586875 0.046875 0.031250
1 0.687500 0.563750 0.040625 0.025000
1 0.636328 0.437500 0.032031 0.030000
1 0.762500 0.611875 0.037500 0.031250
1 0.428906 0.560625 0.039062 0.031250
1 0.450000 0.538750 0.035937 0.027500
1 0.135937 0.535000 0.039062 0.030000
1 0.073828 0.578750 0.055469 0.025000
1 0.106250 0.480000 0.042188 0.030000
1 0.241797 0.610625 0.038281 0.023750
1 0.167969 0.454375 0.039062 0.031250
1 0.164062 0.348125 0.037500 0.031250
1 0.586328 0.433125 0.039844 0.033750
0 0.616406 0.546250 0.037500 0.045000
0 0.599609 0.510625 0.032031 0.043750
0 0.696484 0.474375 0.030469 0.033750
0 0.737109 0.501875 0.035156 0.038750
0 0.555078 0.474375 0.036719 0.038750
1 0.423438 0.509375 0.042188 0.026250
1 0.282813 0.646250 0.043750 0.022500
0 0.288281 0.575000 0.039062 0.065000
0 0.237109 0.577500 0.032031 0.037500
0 0.253125 0.446875 0.032813 0.033750
0 0.242969 0.388750 0.053125 0.052500
0 0.093359 0.415000 0.035156 0.032500
0 0.066016 0.435625 0.033594 0.036250
0 0.029687 0.375625 0.039062 0.033750
0 0.063281 0.476250 0.031250 0.042500
0 0.203906 0.451875 0.035937 0.041250
0 0.187500 0.496875 0.032813 0.046250
0 0.214453 0.547500 0.035156 0.037500
0 0.276172 0.491250 0.046094 0.040000
0 0.385156 0.494375 0.037500 0.051250
0 0.508984 0.565625 0.047656 0.061250
0 0.396875 0.456250 0.025000 0.042500
0 0.425000 0.475000 0.032813 0.045000
0 0.470313 0.421875 0.053125 0.048750
1 0.372656 0.407500 0.039062 0.030000
0 0.566797 0.568750 0.033594 0.045000
0 0.484375 0.516250 0.034375 0.042500
0 0.489453 0.478125 0.041406 0.038750
0 0.202734 0.418125 0.039844 0.033750
1 0.533594 0.702500 0.045312 0.027500
0 0.784766 0.594375 0.044531 0.033750
1 0.528906 0.443125 0.037500 0.033750
1 0.180469 0.378125 0.040625 0.038750
