1 0.516016 0.710625 0.032031 0.023750
1 0.030078 0.795625 0.039844 0.021250
1 0.099219 0.645625 0.040625 0.021250
1 0.369922 0.646250 0.052344 0.027500
1 0.437109 0.626875 0.041406 0.026250
1 0.560156 0.642500 0.040625 0.022500
1 0.233203 0.801875 0.044531 0.021250
1 0.583203 0.406875 0.049219 0.031250
1 0.471094 0.591250 0.040625 0.015000
1 0.425000 0.381875 0.035937 0.031250
1 0.134375 0.319375 0.045312 0.026250
1 0.135937 0.584375 0.029687 0.018750
1 0.145313 0.568750 0.035937 0.025000
1 0.172656 0.547500 0.035937 0.020000
1 0.475000 0.564375 0.037500 0.028750
0 0.045703 0.657500 0.038281 0.025000
0 0.023828 0.577500 0.039844 0.045000
0 0.087891 0.571875 0.052344 0.061250
0 0.076563 0.466250 0.037500 0.027500
0 0.033203 0.413125 0.039844 0.033750
0 0.011719 0.445000 0.021875 0.035000
0 0.043359 0.480000 0.033594 0.027500
0 0.019922 0.336875 0.036719 0.048750
0 0.151953 0.446250 0.032031 0.040000
0 0.189062 0.451875 0.031250 0.041250
0 0.205469 0.425000 0.039062 0.052500
0 0.233984 0.393750 0.028906 0.032500
0 0.212891 0.371250 0.025781 0.042500
0 0.238281 0.345625 0.051562 0.043750
0 0.346094 0.445625 0.034375 0.041250
0 0.395703 0.499375 0.033594 0.043750
0 0.353516 0.496250 0.030469 0.030000
0 0.385547 0.535000 0.036719 0.042500
0 0.281250 0.528750 0.039062 0.045000
0 0.319141 0.561250 0.057031 0.052500
0 0.325781 0.519375 0.035937 0.048750
0 0.287109 0.492500 0.038281 0.042500
1 0.224219 0.498750 0.037500 0.030000
1 0.298438 0.458125 0.039062 0.026250
0 0.268359 0.439375 0.042969 0.031250
1 0.124609 0.376250 0.049219 0.032500
1 0.167187 0.640000 0.046875 0.025000
0 0.489453 0.463125 0.060156 0.046250
0 0.660937 0.451875 0.043750 0.051250
0 0.636328 0.485625 0.030469 0.041250
0 0.749609 0.574375 0.036719 0.046250
0 0.654687 0.610625 0.039062 0.041250
0 0.559766 0.566875 0.047656 0.071250
0 0.542188 0.520000 0.065625 0.040000
0 0.691016 0.531250 0.044531 0.070000
0 0.615625 0.546875 0.050000 0.066250
0 0.584766 0.481250 0.064844 0.050000
0 0.496094 0.427500 0.039062 0.035000
1 0.081641 0.440625 0.042969 0.023750
1 0.439063 0.560625 0.043750 0.023750
1 0.485938 0.503125 0.045312 0.038750
0 0.103516 0.539375 0.022656 0.021250
0 0.779687 0.565000 0.029687 0.045000
