0 0.116016 0.535000 0.046094 0.042500
0 0.108203 0.471875 0.035156 0.033750
0 0.148047 0.368750 0.042969 0.045000
0 0.083203 0.381875 0.055469 0.038750
0 0.051562 0.348750 0.037500 0.040000
0 0.023438 0.472500 0.039062 0.040000
0 0.021484 0.509375 0.038281 0.036250
0 0.260937 0.501250 0.048438 0.045000
0 0.354687 0.528125 0.037500 0.048750
0 0.358594 0.363125 0.040625 0.053750
0 0.263672 0.373750 0.044531 0.035000
0 0.224609 0.421250 0.032031 0.047500
0 0.258594 0.420625 0.029687 0.041250
0 0.151953 0.480625 0.030469 0.043750
0 0.181641 0.486250 0.035156 0.040000
0 0.198047 0.558125 0.036719 0.036250
0 0.488281 0.570625 0.053125 0.073750
0 0.459375 0.467500 0.043750 0.052500
0 0.541016 0.538750 0.053906 0.047500
0 0.589844 0.570000 0.046875 0.062500
0 0.606641 0.455625 0.027344 0.036250
0 0.579297 0.476875 0.039844 0.048750
0 0.626953 0.538125 0.039844 0.043750
0 0.690234 0.549375 0.038281 0.056250
0 0.662109 0.461875 0.028906 0.058750
0 0.635938 0.498125 0.031250 0.051250
0 0.441016 0.565000 0.033594 0.042500
1 0.543359 0.364375 0.036719 0.038750
1 0.720313 0.418125 0.035937 0.036250
1 0.646094 0.396250 0.040625 0.035000
1 0.572266 0.435625 0.041406 0.036250
1 0.324609 0.467500 0.041406 0.032500
1 0.269141 0.551875 0.042969 0.031250
1 0.557031 0.631875 0.051562 0.021250
1 0.534375 0.605000 0.034375 0.025000
1 0.504687 0.620625 0.032813 0.026250
1 0.439453 0.609375 0.042969 0.021250
1 0.248047 0.593125 0.032031 0.026250
1 0.245312 0.609375 0.031250 0.023750
1 0.115625 0.605000 0.035937 0.030000
1 0.070703 0.658750 0.038281 0.017500
1 0.062109 0.597500 0.047656 0.025000
1 0.078516 0.530000 0.033594 0.020000
1 0.183984 0.520000 0.055469 0.027500
1 0.069141 0.505625 0.030469 0.023750
0 0.047266 0.447500 0.027344 0.032500
0 0.057031 0.408750 0.048438 0.042500
1 0.197656 0.326250 0.043750 0.037500
1 0.199219 0.360000 0.051562 0.030000
1 0.237891 0.258750 0.028906 0.025000
1 0.365234 0.319375 0.041406 0.036250
0 0.292578 0.417500 0.038281 0.035000
1 0.254297 0.455000 0.041406 0.025000
0 0.221094 0.471875 0.031250 0.031250
0 0.398828 0.466250 0.027344 0.035000
1 0.169141 0.422500 0.050781 0.030000
1 0.112891 0.434375 0.035156 0.026250
1 0.080078 0.487500 0.033594 0.027500
0 0.455859 0.425625 0.038281 0.036250
1 0.201563 0.748750 0.028125 0.020000
0 0.125391 0.565625 0.047656 0.033750
