1 0.396484 0.689375 0.028906 0.023750
1 0.096094 0.638125 0.037500 0.021250
1 0.073828 0.716250 0.042969 0.025000
1 0.165234 0.700000 0.032031 0.020000
1 0.180859 0.535000 0.036719 0.022500
1 0.178516 0.498750 0.042969 0.022500
1 0.215234 0.417500 0.033594 0.022500
1 0.278125 0.418125 0.028125 0.023750
1 0.068359 0.540625 0.030469 0.021250
1 0.086719 0.531250 0.032813 0.022500
1 0.059375 0.516875 0.032813 0.021250
0 0.014453 0.381250 0.027344 0.030000
0 0.073047 0.375000 0.049219 0.072500
0 0.123438 0.331875 0.028125 0.036250
0 0.111328 0.377500 0.030469 0.047500
0 0.083594 0.478125 0.046875 0.033750
0 0.123047 0.470000 0.030469 0.040000
0 0.157422 0.460625 0.041406 0.066250
0 0.138672 0.553125 0.035156 0.033750
0 0.226953 0.576875 0.041406 0.038750
0 0.238672 0.552500 0.033594 0.040000
0 0.277344 0.547500 0.031250 0.035000
0 0.248047 0.469375 0.030469 0.031250
0 0.311719 0.521875 0.031250 0.038750
0 0.377344 0.489375 0.026562 0.038750
0 0.323828 0.409375 0.044531 0.038750
0 0.357812 0.425000 0.034375 0.040000
0 0.439453 0.417500 0.036719 0.037500
0 0.405469 0.551875 0.046875 0.038750
0 0.416016 0.515625 0.038281 0.031250
0 0.464844 0.511875 0.028125 0.041250
0 0.453906 0.571875 0.050000 0.041250
0 0.498437 0.485625 0.028125 0.038750
0 0.485938 0.556875 0.032813 0.026250
0 0.508203 0.533125 0.044531 0.046250
1 0.539844 0.560625 0.043750 0.026250
0 0.609766 0.563750 0.035156 0.052500
0 0.678516 0.559375 0.025781 0.046250
0 0.720313 0.578125 0.039062 0.071250
0 0.678125 0.461250 0.039062 0.042500
0 0.578125 0.442500 0.035937 0.042500
0 0.539453 0.458125 0.036719 0.033750
0 0.537891 0.426250 0.033594 0.035000
0 0.647656 0.489375 0.029687 0.038750
0 0.605078 0.510625 0.032031 0.043750
1 0.496484 0.413750 0.035156 0.027500
1 0.349219 0.622500 0.035937 0.022500
1 0.507031 0.590625 0.031250 0.016250
1 0.432031 0.591875 0.035937 0.023750
1 0.152734 0.609375 0.042969 0.018750
1 0.108984 0.598750 0.039844 0.020000
1 0.181250 0.366875 0.040625 0.028750
1 0.232031 0.348125 0.039062 0.031250
0 0.245312 0.392500 0.028125 0.035000
1 0.285938 0.378125 0.031250 0.028750
1 0.339844 0.371250 0.034375 0.027500
0 0.701172 0.503750 0.036719 0.050000
0 0.728516 0.492500 0.033594 0.040000
0 0.400391 0.458750 0.033594 0.040000
0 0.283984 0.493125 0.055469 0.036250
1 0.262109 0.654375 0.033594 0.016250
1 0.318359 0.303750 0.039844 0.032500
1 0.648047 0.594375 0.041406 0.018750
1 0.575781 0.553125 0.035937 0.028750
