1 0.541016 0.683750 0.038281 0.015000
1 0.566016 0.658750 0.028906 0.015000
1 0.405078 0.615625 0.041406 0.016250
1 0.052344 0.680000 0.053125 0.020000
1 0.055078 0.757500 0.033594 0.015000
1 0.218359 0.595000 0.032031 0.020000
1 0.283594 0.543750 0.032813 0.017500
1 0.148828 0.613125 0.038281 0.018750
1 0.439453 0.419375 0.033594 0.016250
1 0.469531 0.636875 0.040625 0.018750
1 0.382812 0.636250 0.042188 0.022500
1 0.284766 0.586875 0.038281 0.021250
1 0.454297 0.484375 0.032031 0.018750
1 0.342578 0.395625 0.044531 0.018750
1 0.202344 0.340000 0.037500 0.020000
1 0.182812 0.372500 0.023438 0.027500
1 0.472656 0.430625 0.035937 0.013750
1 0.402344 0.546875 0.039062 0.026250
1 0.630859 0.569375 0.027344 0.018750
1 0.182031 0.558125 0.032813 0.018750
0 0.615234 0.478125 0.028906 0.043750
0 0.517188 0.575625 0.040625 0.028750
0 0.472656 0.566875 0.034375 0.031250
0 0.500000 0.518750 0.035937 0.032500
0 0.442969 0.533750 0.051562 0.032500
0 0.326953 0.447500 0.036719 0.037500
0 0.268750 0.498750 0.031250 0.037500
0 0.166797 0.479375 0.047656 0.021250
0 0.217188 0.500625 0.040625 0.043750
0 0.091016 0.559375 0.041406 0.036250
0 0.046875 0.486250 0.031250 0.032500
0 0.075000 0.471875 0.034375 0.033750
1 0.035156 0.449375 0.034375 0.021250
1 0.369531 0.471875 0.031250 0.021250
1 0.259375 0.396875 0.031250 0.018750
0 0.229687 0.415625 0.042188 0.021250
0 0.281250 0.419375 0.031250 0.031250
0 0.553906 0.508125 0.042188 0.056250
0 0.498437 0.448750 0.046875 0.032500
0 0.504687 0.485625 0.043750 0.028750
0 0.113281 0.513125 0.035937 0.031250
0 0.077344 0.408125 0.028125 0.036250
0 0.058203 0.424375 0.028906 0.033750
0 0.055078 0.355000 0.033594 0.040000
0 0.148047 0.442500 0.035156 0.035000
0 0.137891 0.415625 0.035156 0.026250
0 0.333984 0.493750 0.041406 0.032500
1 0.202344 0.536875 0.034375 0.023750
1 0.603906 0.538750 0.037500 0.020000
0 0.657813 0.493125 0.028125 0.036250
0 0.689844 0.539375 0.031250 0.046250
0 0.730859 0.497500 0.035156 0.035000
0 0.693750 0.495625 0.031250 0.041250
0 0.539453 0.635000 0.032031 0.030000
1 0.434375 0.497500 0.053125 0.025000
0 0.443750 0.441875 0.035937 0.031250
0 0.310937 0.547500 0.012500 0.017500
1 0.317578 0.373125 0.072656 0.028750
1 0.496484 0.383750 0.041406 0.020000
0 0.735547 0.578125 0.027344 0.036250
0 0.766406 0.578750 0.032813 0.057500
0 0.806641 0.581875 0.036719 0.043750
0 0.157031 0.589375 0.046875 0.041250
