1 0.332422 0.770000 0.033594 0.027500
1 0.643359 0.647500 0.039844 0.022500
1 0.427344 0.646250 0.045312 0.022500
1 0.416797 0.630000 0.042969 0.020000
1 0.497656 0.593125 0.040625 0.028750
1 0.311328 0.683750 0.046094 0.022500
1 0.269922 0.616250 0.036719 0.025000
1 0.237109 0.624375 0.038281 0.018750
1 0.200391 0.653750 0.033594 0.015000
1 0.376172 0.628750 0.033594 0.022500
1 0.378516 0.429375 0.036719 0.031250
1 0.205859 0.321250 0.032031 0.025000
1 0.181641 0.429375 0.032031 0.023750
1 0.118750 0.458125 0.029687 0.021250
1 0.027734 0.578125 0.032031 0.021250
1 0.055859 0.563125 0.027344 0.021250
1 0.281641 0.368125 0.036719 0.026250
1 0.313281 0.411250 0.040625 0.027500
1 0.382812 0.375000 0.028125 0.022500
1 0.477734 0.417500 0.038281 0.030000
1 0.498437 0.458125 0.031250 0.023750
1 0.193750 0.583125 0.042188 0.018750
1 0.252734 0.541250 0.035156 0.020000
1 0.266797 0.555000 0.035156 0.020000
1 0.111719 0.408125 0.035937 0.023750
1 0.020313 0.488750 0.031250 0.032500
0 0.026562 0.540625 0.031250 0.033750
0 0.062109 0.513125 0.035156 0.043750
0 0.099219 0.545625 0.035937 0.048750
0 0.123828 0.503750 0.028906 0.055000
0 0.154297 0.521875 0.032031 0.036250
0 0.180078 0.483125 0.038281 0.043750
0 0.077344 0.396250 0.026562 0.027500
0 0.024219 0.329375 0.043750 0.048750
0 0.021094 0.273125 0.040625 0.051250
0 0.058984 0.417500 0.035156 0.032500
0 0.073438 0.468750 0.029687 0.050000
0 0.440234 0.600625 0.036719 0.036250
0 0.533594 0.536250 0.040625 0.042500
0 0.577734 0.496250 0.028906 0.032500
0 0.437500 0.454375 0.040625 0.036250
0 0.476562 0.471250 0.040625 0.035000
0 0.459766 0.489375 0.033594 0.038750
0 0.374609 0.552500 0.030469 0.050000
0 0.395313 0.524375 0.042188 0.043750
0 0.426563 0.560000 0.040625 0.045000
0 0.306250 0.575000 0.037500 0.045000
0 0.323047 0.548125 0.046094 0.043750
0 0.267578 0.414375 0.035156 0.036250
0 0.219141 0.415000 0.030469 0.030000
0 0.352344 0.455625 0.032813 0.046250
0 0.441016 0.385625 0.033594 0.043750
0 0.744922 0.601250 0.032031 0.025000
0 0.734375 0.498750 0.031250 0.035000
0 0.710938 0.576875 0.028125 0.033750
1 0.236328 0.478125 0.035156 0.031250
1 0.014844 0.436250 0.028125 0.027500
0 0.696484 0.505625 0.033594 0.046250
0 0.677734 0.526250 0.024219 0.035000
0 0.703516 0.543750 0.035156 0.032500
0 0.660937 0.486250 0.035937 0.035000
1 0.286328 0.335625 0.047656 0.026250
1 0.272266 0.479375 0.035156 0.033750
1 0.275000 0.510000 0.042188 0.032500
