1 0.232422 0.643750 0.036719 0.022500
1 0.255469 0.671250 0.040625 0.025000
1 0.157422 0.706250 0.039844 0.020000
1 0.053906 0.670625 0.032813 0.018750
1 0.102734 0.624375 0.036719 0.021250
1 0.086328 0.643125 0.035156 0.018750
1 0.483984 0.685625 0.039844 0.021250
1 0.487109 0.713125 0.039844 0.021250
1 0.631250 0.629375 0.034375 0.021250
1 0.456641 0.513125 0.039844 0.023750
1 0.430469 0.486875 0.032813 0.026250
1 0.474609 0.394375 0.032031 0.023750
1 0.070312 0.283125 0.035937 0.018750
1 0.051172 0.414375 0.036719 0.023750
1 0.092578 0.525625 0.041406 0.023750
1 0.159375 0.500625 0.039062 0.018750
1 0.490234 0.539375 0.044531 0.021250
1 0.145703 0.368125 0.038281 0.026250
1 0.197656 0.402500 0.050000 0.027500
1 0.317188 0.386875 0.037500 0.026250
1 0.616016 0.460625 0.041406 0.028750
1 0.516797 0.463125 0.033594 0.023750
1 0.345313 0.375625 0.032813 0.023750
1 0.446094 0.453125 0.042188 0.033750
0 0.391797 0.514375 0.039844 0.041250
0 0.303516 0.593125 0.041406 0.036250
0 0.233984 0.540625 0.036719 0.051250
0 0.246484 0.496875 0.042969 0.048750
0 0.280859 0.556250 0.041406 0.037500
0 0.182031 0.543125 0.042188 0.041250
1 0.132422 0.548750 0.030469 0.020000
1 0.096875 0.411250 0.034375 0.020000
0 0.047656 0.475625 0.037500 0.028750
1 0.148047 0.339375 0.038281 0.026250
0 0.265234 0.411875 0.035156 0.036250
1 0.328906 0.477500 0.032813 0.027500
0 0.325391 0.439375 0.055469 0.053750
1 0.540625 0.480625 0.031250 0.026250
0 0.563281 0.490000 0.029687 0.040000
1 0.581250 0.565000 0.037500 0.032500
1 0.670703 0.551250 0.032031 0.042500
0 0.674609 0.453750 0.063281 0.042500
0 0.673438 0.493125 0.050000 0.051250
1 0.626563 0.495625 0.039062 0.026250
0 0.301563 0.342500 0.034375 0.042500
0 0.158594 0.456250 0.035937 0.052500
1 0.207813 0.467500 0.035937 0.030000
1 0.113281 0.500625 0.040625 0.031250
0 0.185547 0.436875 0.030469 0.041250
0 0.612891 0.528750 0.028906 0.035000
0 0.573047 0.531250 0.033594 0.042500
1 0.528125 0.446875 0.032813 0.021250
0 0.792188 0.585625 0.035937 0.051250
0 0.157422 0.568750 0.038281 0.035000
