0 0.663672 0.619375 0.036719 0.023750
0 0.138672 0.709375 0.039844 0.016250
0 0.296094 0.730625 0.042188 0.013750
0 0.417969 0.646250 0.031250 0.020000
0 0.476953 0.609375 0.027344 0.018750
0 0.400781 0.601875 0.034375 0.016250
1 0.103906 0.318750 0.034375 0.030000
0 0.204297 0.375000 0.033594 0.017500
0 0.073438 0.404375 0.029687 0.013750
0 0.412500 0.369375 0.031250 0.018750
1 0.018359 0.465625 0.032031 0.023750
1 0.048828 0.436250 0.035156 0.027500
1 0.106641 0.436875 0.036719 0.046250
0 0.086328 0.465000 0.035156 0.020000
1 0.044531 0.552500 0.045312 0.037500
1 0.059375 0.505000 0.046875 0.050000
0 0.084375 0.576250 0.042188 0.020000
0 0.187109 0.445000 0.035156 0.022500
0 0.169922 0.521250 0.035156 0.022500
0 0.252344 0.560625 0.032813 0.013750
0 0.246094 0.577500 0.031250 0.015000
0 0.321484 0.505625 0.028906 0.016250
0 0.606250 0.505000 0.037500 0.025000
1 0.232422 0.471250 0.033594 0.030000
1 0.276953 0.455625 0.057031 0.033750
1 0.303125 0.435625 0.026562 0.028750
1 0.310937 0.533125 0.043750 0.038750
1 0.300781 0.573125 0.042188 0.036250
1 0.387500 0.444375 0.032813 0.041250
1 0.373828 0.501875 0.033594 0.051250
1 0.387500 0.561250 0.029687 0.025000
1 0.428906 0.582500 0.043750 0.030000
1 0.432422 0.476250 0.060156 0.030000
1 0.443359 0.536250 0.047656 0.047500
1 0.501172 0.470625 0.030469 0.031250
1 0.492188 0.509375 0.037500 0.023750
1 0.523828 0.525625 0.035156 0.021250
1 0.526953 0.549375 0.041406 0.021250
1 0.515234 0.578750 0.035156 0.027500
1 0.574609 0.573125 0.032031 0.033750
1 0.594141 0.536250 0.038281 0.022500
1 0.617578 0.548750 0.027344 0.025000
1 0.631641 0.584375 0.033594 0.051250
1 0.665234 0.514375 0.047656 0.043750
1 0.691797 0.577500 0.046094 0.030000
1 0.747266 0.599375 0.035156 0.051250
1 0.731250 0.553750 0.073438 0.035000
1 0.765234 0.511875 0.036719 0.033750
1 0.805469 0.504375 0.035937 0.043750
1 0.825391 0.566875 0.039844 0.056250
0 0.479297 0.563750 0.038281 0.015000
0 0.304688 0.656875 0.042188 0.018750
0 0.237500 0.703125 0.040625 0.016250
0 0.204297 0.589375 0.033594 0.018750
0 0.244141 0.523125 0.039844 0.013750
0 0.424219 0.498750 0.039062 0.020000
