1 0.580859 0.663750 0.042969 0.022500
1 0.582812 0.690625 0.037500 0.023750
1 0.358984 0.654375 0.039844 0.018750
1 0.249609 0.692500 0.036719 0.017500
1 0.288281 0.785625 0.029687 0.021250
1 0.430859 0.591875 0.036719 0.026250
1 0.493750 0.420000 0.035937 0.027500
1 0.623828 0.463750 0.041406 0.020000
1 0.203906 0.619375 0.035937 0.016250
1 0.144141 0.663750 0.039844 0.017500
1 0.175391 0.630625 0.033594 0.013750
1 0.330078 0.636250 0.055469 0.020000
1 0.153906 0.307500 0.034375 0.025000
1 0.413672 0.402500 0.035156 0.030000
1 0.306250 0.408125 0.040625 0.023750
1 0.358594 0.390625 0.037500 0.026250
1 0.062109 0.446875 0.028906 0.021250
1 0.114453 0.421250 0.032031 0.022500
1 0.173437 0.473750 0.035937 0.025000
1 0.185938 0.534375 0.032813 0.023750
1 0.209766 0.552500 0.028906 0.020000
1 0.210156 0.476250 0.031250 0.025000
1 0.245312 0.394375 0.035937 0.023750
1 0.457031 0.475000 0.039062 0.032500
0 0.051562 0.544375 0.045312 0.046250
0 0.096094 0.519375 0.031250 0.038750
0 0.128125 0.479375 0.037500 0.036250
1 0.021875 0.386875 0.028125 0.028750
1 0.051562 0.396250 0.025000 0.027500
0 0.073438 0.410625 0.042188 0.038750
0 0.020313 0.421875 0.026562 0.033750
0 0.019141 0.508125 0.035156 0.041250
0 0.025781 0.466875 0.026562 0.043750
0 0.065234 0.490000 0.033594 0.065000
0 0.290625 0.448125 0.040625 0.038750
0 0.393359 0.452500 0.030469 0.045000
0 0.253906 0.456875 0.037500 0.038750
0 0.248828 0.570625 0.030469 0.038750
0 0.385156 0.598125 0.031250 0.033750
0 0.476562 0.528125 0.031250 0.048750
0 0.659375 0.570625 0.032813 0.038750
0 0.622656 0.523125 0.035937 0.046250
0 0.641797 0.495000 0.028906 0.045000
0 0.684766 0.485625 0.035156 0.036250
0 0.719531 0.541875 0.035937 0.038750
0 0.376172 0.552500 0.041406 0.035000
0 0.320703 0.545625 0.030469 0.051250
0 0.265625 0.543125 0.053125 0.048750
0 0.339844 0.511875 0.053125 0.048750
0 0.386719 0.366875 0.034375 0.043750
0 0.228516 0.357500 0.033594 0.035000
0 0.205859 0.401250 0.036719 0.035000
0 0.751563 0.470625 0.053125 0.036250
0 0.749609 0.511875 0.057031 0.041250
0 0.698438 0.596875 0.035937 0.036250
0 0.521484 0.483125 0.041406 0.051250
1 0.571094 0.420625 0.039062 0.026250
1 0.147656 0.406250 0.042188 0.030000
