0 0.337500 0.511875 0.050000 0.041250
0 0.375000 0.510000 0.043750 0.035000
0 0.282422 0.448750 0.047656 0.035000
0 0.414844 0.437500 0.039062 0.035000
0 0.217578 0.568125 0.047656 0.053750
0 0.240625 0.528125 0.043750 0.028750
0 0.278516 0.495625 0.039844 0.046250
0 0.454688 0.470000 0.037500 0.035000
0 0.357812 0.438125 0.045312 0.026250
1 0.687109 0.648750 0.044531 0.020000
1 0.537500 0.631250 0.039062 0.015000
1 0.442969 0.596250 0.040625 0.017500
1 0.427734 0.549375 0.038281 0.016250
1 0.384766 0.403750 0.039844 0.020000
1 0.315625 0.401250 0.040625 0.022500
1 0.195312 0.727500 0.035937 0.020000
1 0.051562 0.662500 0.043750 0.027500
0 0.705078 0.533125 0.039844 0.036250
0 0.618359 0.566250 0.036719 0.025000
0 0.625000 0.489375 0.050000 0.043750
0 0.466016 0.521250 0.047656 0.042500
1 0.303125 0.609375 0.037500 0.026250
0 0.797656 0.498750 0.032813 0.047500
1 0.675781 0.478750 0.043750 0.030000
1 0.671094 0.544375 0.034375 0.021250
0 0.737891 0.502500 0.055469 0.065000
0 0.625000 0.531875 0.050000 0.028750
0 0.580859 0.473750 0.039844 0.032500
1 0.590234 0.454375 0.036719 0.023750
1 0.367578 0.569375 0.042969 0.021250
1 0.347266 0.596875 0.049219 0.033750
1 0.235547 0.663125 0.046094 0.013750
1 0.230078 0.650000 0.038281 0.015000
1 0.110547 0.387500 0.041406 0.025000
1 0.149219 0.576250 0.051562 0.022500
1 0.134375 0.478750 0.029687 0.025000
1 0.236719 0.393750 0.025000 0.012500
1 0.496094 0.475000 0.032813 0.020000
1 0.085547 0.573125 0.044531 0.028750
1 0.167187 0.537500 0.043750 0.020000
0 0.190234 0.391875 0.039844 0.048750
0 0.201563 0.451250 0.057813 0.042500
0 0.173828 0.501250 0.038281 0.035000
0 0.206641 0.483125 0.052344 0.033750
0 0.115625 0.526250 0.050000 0.037500
0 0.107422 0.490000 0.044531 0.037500
0 0.057031 0.515000 0.037500 0.027500
0 0.043750 0.538750 0.042188 0.030000
0 0.678516 0.630000 0.036719 0.025000
0 0.811328 0.555625 0.032031 0.041250
1 0.413281 0.465000 0.039062 0.015000
0 0.330078 0.548125 0.033594 0.028750
0 0.361719 0.546875 0.015625 0.018750
0 0.106250 0.418750 0.040625 0.025000
0 0.140234 0.438125 0.042969 0.033750
0 0.098828 0.445000 0.041406 0.025000
0 0.627734 0.583750 0.064844 0.027500
0 0.578516 0.551875 0.039844 0.048750
0 0.785937 0.578125 0.037500 0.046250
1 0.546094 0.558125 0.034375 0.031250
0 0.522266 0.491250 0.041406 0.027500
