1 0.473438 0.632500 0.039062 0.027500
1 0.622656 0.665000 0.031250 0.015000
1 0.643359 0.651875 0.027344 0.013750
1 0.682031 0.548125 0.029687 0.016250
1 0.313281 0.377500 0.048438 0.022500
1 0.441016 0.403125 0.042969 0.026250
1 0.370312 0.545625 0.031250 0.021250
1 0.503516 0.610000 0.035156 0.015000
1 0.158203 0.660000 0.041406 0.010000
1 0.158594 0.671875 0.035937 0.011250
1 0.214844 0.400000 0.050000 0.017500
1 0.348047 0.456875 0.038281 0.023750
1 0.620313 0.555000 0.054688 0.022500
0 0.622266 0.631875 0.041406 0.021250
0 0.759766 0.557500 0.042969 0.040000
0 0.685547 0.492500 0.044531 0.045000
0 0.647656 0.525625 0.039062 0.041250
0 0.570703 0.472500 0.035156 0.037500
0 0.559766 0.564375 0.035156 0.028750
0 0.582812 0.582500 0.056250 0.027500
0 0.571875 0.526250 0.042188 0.027500
1 0.492188 0.555625 0.045312 0.023750
0 0.412109 0.511875 0.044531 0.036250
0 0.402344 0.460000 0.032813 0.037500
0 0.353906 0.416875 0.032813 0.021250
0 0.365234 0.431875 0.032031 0.023750
0 0.305859 0.428125 0.028906 0.028750
0 0.331250 0.503125 0.028125 0.036250
0 0.290234 0.504375 0.042969 0.041250
0 0.233594 0.490625 0.037500 0.031250
0 0.229297 0.440625 0.046094 0.041250
0 0.188281 0.520000 0.042188 0.022500
0 0.167187 0.563750 0.043750 0.045000
0 0.122266 0.396250 0.024219 0.030000
0 0.138672 0.371875 0.038281 0.038750
0 0.154688 0.480625 0.034375 0.028750
0 0.125391 0.497500 0.036719 0.037500
0 0.067969 0.519375 0.043750 0.033750
0 0.054297 0.483750 0.049219 0.040000
0 0.056250 0.406875 0.034375 0.033750
0 0.092969 0.430000 0.031250 0.032500
0 0.526953 0.459375 0.032031 0.033750
1 0.044531 0.439375 0.031250 0.023750
1 0.380078 0.593125 0.041406 0.021250
1 0.462109 0.478125 0.038281 0.026250
1 0.610938 0.422500 0.040625 0.027500
1 0.242188 0.611250 0.032813 0.022500
0 0.161719 0.421875 0.046875 0.031250
0 0.139844 0.440625 0.037500 0.041250
0 0.030078 0.572500 0.030469 0.022500
1 0.138281 0.740000 0.034375 0.017500
1 0.267969 0.391875 0.031250 0.018750
0 0.342969 0.546875 0.018750 0.016250
0 0.526563 0.545625 0.032813 0.028750
1 0.618359 0.467500 0.039844 0.032500
1 0.604297 0.520000 0.030469 0.017500
1 0.092578 0.538125 0.038281 0.021250
0 0.278125 0.540625 0.039062 0.031250
0 0.530859 0.504375 0.035156 0.043750
0 0.726562 0.525625 0.029687 0.033750
0 0.739844 0.495625 0.028125 0.038750
0 0.267969 0.589375 0.042188 0.036250
