0 0.012500 0.283125 0.023438 0.016250
0 0.100781 0.410625 0.031250 0.016250
0 0.114062 0.470000 0.034375 0.020000
0 0.118359 0.576875 0.041406 0.021250
0 0.175391 0.704375 0.042969 0.016250
0 0.330078 0.723750 0.036719 0.020000
0 0.444922 0.645000 0.030469 0.020000
0 0.498047 0.606250 0.022656 0.017500
0 0.432422 0.599375 0.030469 0.016250
0 0.192188 0.520625 0.031250 0.021250
0 0.213672 0.448125 0.035156 0.023750
0 0.281641 0.559375 0.032031 0.013750
0 0.273438 0.578125 0.035937 0.013750
0 0.437891 0.381250 0.032031 0.017500
0 0.238672 0.384375 0.035156 0.016250
1 0.010937 0.456875 0.020313 0.031250
1 0.012891 0.563125 0.024219 0.038750
1 0.023828 0.515000 0.033594 0.025000
1 0.069141 0.551875 0.041406 0.033750
1 0.042578 0.466250 0.035156 0.022500
1 0.077734 0.438750 0.033594 0.027500
1 0.129297 0.439375 0.033594 0.043750
1 0.129297 0.328750 0.033594 0.027500
1 0.086719 0.501875 0.045312 0.041250
1 0.255469 0.474375 0.035937 0.033750
1 0.298438 0.457500 0.034375 0.030000
1 0.326172 0.449375 0.022656 0.056250
0 0.342969 0.506250 0.032813 0.015000
1 0.338281 0.536250 0.039062 0.035000
1 0.332422 0.573125 0.041406 0.036250
1 0.411719 0.446250 0.031250 0.040000
1 0.396484 0.506875 0.035156 0.051250
1 0.414453 0.561250 0.032031 0.027500
1 0.454297 0.583125 0.047656 0.033750
1 0.455078 0.480625 0.060156 0.028750
1 0.469141 0.540625 0.046094 0.046250
1 0.526953 0.473750 0.028906 0.035000
1 0.519531 0.508750 0.037500 0.022500
1 0.546875 0.528750 0.032813 0.022500
1 0.540625 0.580000 0.039062 0.027500
1 0.601172 0.578750 0.036719 0.040000
1 0.846484 0.566875 0.039844 0.053750
1 0.625391 0.533750 0.039844 0.027500
1 0.641406 0.560000 0.028125 0.032500
1 0.660156 0.588750 0.032813 0.052500
0 0.691406 0.619375 0.035937 0.018750
1 0.694922 0.518125 0.046094 0.041250
1 0.712891 0.578750 0.036719 0.032500
1 0.792969 0.520625 0.034375 0.036250
1 0.830078 0.501250 0.030469 0.037500
1 0.760938 0.559375 0.065625 0.041250
1 0.773047 0.606250 0.036719 0.047500
0 0.616016 0.501250 0.041406 0.015000
1 0.547656 0.552500 0.037500 0.022500
0 0.342578 0.652500 0.042969 0.017500
0 0.269922 0.696875 0.038281 0.016250
0 0.232031 0.591250 0.032813 0.022500
0 0.280859 0.527500 0.039844 0.017500
0 0.453906 0.503750 0.043750 0.017500
