1 0.347656 0.634375 0.037500 0.021250
1 0.024219 0.761250 0.035937 0.012500
1 0.440234 0.643750 0.041406 0.025000
1 0.507031 0.690625 0.042188 0.016250
1 0.535937 0.661875 0.029687 0.016250
1 0.373828 0.547500 0.032031 0.020000
1 0.119531 0.616875 0.040625 0.021250
1 0.141016 0.554375 0.035156 0.023750
1 0.191406 0.595000 0.028125 0.015000
1 0.249219 0.583125 0.037500 0.016250
1 0.408594 0.409375 0.037500 0.021250
1 0.445312 0.425625 0.031250 0.013750
1 0.426953 0.476250 0.030469 0.020000
1 0.171094 0.328750 0.046875 0.015000
1 0.158594 0.364375 0.032813 0.021250
1 0.258203 0.537500 0.041406 0.022500
0 0.519141 0.508125 0.036719 0.038750
0 0.475000 0.514375 0.042188 0.033750
0 0.493359 0.574375 0.038281 0.028750
0 0.440625 0.574375 0.034375 0.046250
0 0.477734 0.478125 0.039844 0.031250
0 0.471875 0.447500 0.042188 0.035000
0 0.301563 0.486875 0.039062 0.031250
0 0.297656 0.448125 0.045312 0.031250
0 0.253516 0.414375 0.033594 0.026250
0 0.203516 0.410625 0.032031 0.031250
0 0.193750 0.493750 0.048438 0.047500
0 0.244141 0.494375 0.033594 0.038750
0 0.173828 0.532500 0.027344 0.022500
0 0.142578 0.479375 0.038281 0.033750
0 0.086328 0.505625 0.033594 0.033750
0 0.059375 0.555625 0.037500 0.048750
0 0.099609 0.406250 0.044531 0.025000
0 0.120313 0.432500 0.034375 0.040000
0 0.045703 0.401875 0.035156 0.038750
0 0.027344 0.423125 0.031250 0.028750
0 0.022656 0.350625 0.031250 0.038750
0 0.044922 0.467500 0.022656 0.030000
0 0.023047 0.480000 0.033594 0.040000
1 0.019922 0.683750 0.036719 0.017500
1 0.219531 0.388750 0.042188 0.027500
1 0.340234 0.467500 0.035156 0.025000
1 0.307422 0.388125 0.044531 0.023750
1 0.291797 0.364375 0.047656 0.026250
0 0.417578 0.436250 0.030469 0.035000
0 0.408203 0.491875 0.061719 0.028750
0 0.412891 0.529375 0.038281 0.033750
0 0.510938 0.633125 0.035937 0.028750
0 0.582812 0.475000 0.035937 0.045000
0 0.628906 0.491250 0.029687 0.035000
0 0.616016 0.535625 0.027344 0.043750
0 0.665625 0.488750 0.028125 0.035000
0 0.696875 0.486250 0.040625 0.045000
0 0.300781 0.546875 0.015625 0.013750
0 0.760156 0.496875 0.034375 0.038750
0 0.666406 0.532500 0.040625 0.032500
0 0.712109 0.572500 0.030469 0.030000
0 0.740234 0.583125 0.030469 0.043750
0 0.778125 0.578125 0.040625 0.031250
1 0.521484 0.428750 0.052344 0.027500
1 0.558594 0.460625 0.039062 0.021250
0 0.124219 0.585000 0.040625 0.045000
1 0.665234 0.610625 0.038281 0.021250
1 0.471875 0.373750 0.059375 0.032500
