1 0.455859 0.671250 0.033594 0.017500
1 0.420312 0.710625 0.035937 0.021250
1 0.348047 0.654375 0.036719 0.018750
1 0.292187 0.497500 0.032813 0.020000
1 0.450391 0.398750 0.033594 0.025000
1 0.395703 0.393750 0.042969 0.027500
1 0.121094 0.360000 0.035937 0.022500
1 0.057031 0.291875 0.043750 0.028750
1 0.033594 0.544375 0.037500 0.021250
1 0.155078 0.579375 0.042969 0.021250
1 0.170313 0.535000 0.034375 0.025000
1 0.251953 0.636875 0.038281 0.021250
1 0.031641 0.617500 0.041406 0.017500
1 0.041016 0.575000 0.030469 0.017500
1 0.080078 0.345000 0.030469 0.022500
1 0.176953 0.338125 0.049219 0.023750
1 0.198047 0.367500 0.046094 0.022500
1 0.232031 0.400000 0.035937 0.022500
1 0.316016 0.385000 0.033594 0.020000
1 0.247656 0.460000 0.037500 0.020000
1 0.447656 0.596250 0.045312 0.012500
1 0.506641 0.556250 0.035156 0.025000
0 0.039453 0.421250 0.039844 0.032500
0 0.076953 0.469375 0.038281 0.033750
0 0.091406 0.526875 0.040625 0.031250
0 0.117969 0.486875 0.045312 0.048750
0 0.177344 0.486875 0.031250 0.036250
0 0.210156 0.469375 0.034375 0.031250
0 0.167578 0.395625 0.041406 0.028750
0 0.128125 0.400625 0.040625 0.028750
0 0.221094 0.432500 0.034375 0.037500
0 0.268359 0.545625 0.016406 0.016250
1 0.289062 0.539375 0.035937 0.018750
0 0.332031 0.516250 0.034375 0.035000
0 0.392969 0.466875 0.035937 0.033750
0 0.383594 0.426875 0.040625 0.041250
0 0.330469 0.408750 0.039062 0.032500
0 0.373828 0.580625 0.028906 0.031250
0 0.413672 0.580625 0.038281 0.056250
0 0.396484 0.507500 0.025781 0.027500
0 0.426172 0.494375 0.030469 0.038750
0 0.360547 0.555000 0.047656 0.030000
1 0.344141 0.461250 0.038281 0.020000
0 0.334766 0.478750 0.032031 0.022500
0 0.012500 0.500000 0.023438 0.045000
1 0.010937 0.586250 0.020313 0.027500
1 0.423828 0.640625 0.039844 0.031250
0 0.516797 0.468125 0.033594 0.053750
0 0.547266 0.478750 0.039844 0.037500
0 0.587891 0.458750 0.024219 0.037500
0 0.608203 0.460625 0.022656 0.038750
0 0.643359 0.570625 0.052344 0.051250
0 0.696094 0.576875 0.040625 0.041250
0 0.752344 0.548750 0.034375 0.037500
0 0.725391 0.513125 0.039844 0.026250
0 0.681641 0.485625 0.039844 0.043750
1 0.307031 0.470625 0.032813 0.018750
0 0.764453 0.486250 0.035156 0.035000
0 0.816016 0.501875 0.027344 0.031250
0 0.816797 0.565625 0.032031 0.023750
1 0.565234 0.623125 0.042969 0.023750
1 0.562891 0.658750 0.044531 0.020000
0 0.244922 0.391250 0.014844 0.020000
0 0.530469 0.520000 0.039062 0.035000
