0 0.119531 0.772500 0.040625 0.020000
0 0.061328 0.720625 0.041406 0.013750
0 0.108984 0.682500 0.058594 0.017500
0 0.065625 0.582500 0.032813 0.012500
0 0.062109 0.600000 0.039844 0.017500
0 0.244922 0.611250 0.038281 0.017500
0 0.273828 0.666875 0.032031 0.021250
0 0.360547 0.625000 0.025781 0.015000
0 0.355859 0.593125 0.036719 0.018750
0 0.475781 0.637500 0.034375 0.015000
0 0.519141 0.607500 0.033594 0.020000
0 0.612500 0.641250 0.031250 0.017500
0 0.049219 0.338750 0.035937 0.017500
0 0.271484 0.305625 0.028906 0.016250
0 0.371484 0.396875 0.036719 0.018750
0 0.471094 0.437500 0.028125 0.017500
0 0.649219 0.520625 0.045312 0.021250
0 0.047266 0.424375 0.032031 0.018750
0 0.082031 0.439375 0.031250 0.021250
0 0.038672 0.523125 0.033594 0.021250
0 0.063672 0.502500 0.036719 0.020000
0 0.108203 0.565000 0.033594 0.017500
1 0.118750 0.459375 0.037500 0.038750
1 0.142578 0.434375 0.050781 0.033750
1 0.187500 0.413750 0.031250 0.035000
1 0.144141 0.565000 0.038281 0.027500
1 0.174219 0.524375 0.035937 0.036250
1 0.256641 0.551250 0.036719 0.030000
1 0.295703 0.585625 0.053906 0.043750
1 0.267969 0.416875 0.028125 0.031250
1 0.300391 0.450000 0.041406 0.040000
1 0.363672 0.445625 0.033594 0.023750
1 0.255078 0.490000 0.033594 0.052500
1 0.306641 0.526875 0.038281 0.041250
1 0.401172 0.569375 0.035156 0.026250
1 0.447266 0.557500 0.044531 0.022500
1 0.455078 0.525625 0.038281 0.021250
1 0.403125 0.535625 0.032813 0.026250
1 0.377344 0.508750 0.035937 0.035000
1 0.342578 0.507500 0.030469 0.047500
1 0.503125 0.523750 0.034375 0.022500
1 0.531641 0.496875 0.038281 0.033750
1 0.506250 0.568750 0.032813 0.055000
1 0.562500 0.557500 0.039062 0.032500
1 0.612891 0.585625 0.049219 0.043750
1 0.596875 0.526250 0.073438 0.042500
1 0.630469 0.484375 0.046875 0.026250
1 0.844922 0.523125 0.028906 0.031250
1 0.744531 0.523750 0.039062 0.050000
1 0.705078 0.555625 0.036719 0.056250
1 0.679688 0.485625 0.031250 0.036250
0 0.397266 0.477500 0.039844 0.020000
0 0.282031 0.487500 0.029687 0.025000
1 0.809375 0.505000 0.032813 0.030000
1 0.731641 0.595625 0.033594 0.028750
0 0.193359 0.495625 0.028906 0.013750
