1 0.014453 0.296250 0.027344 0.032500
1 0.010547 0.424375 0.019531 0.043750
1 0.176172 0.567500 0.039844 0.030000
1 0.200000 0.526250 0.040625 0.035000
1 0.142969 0.459375 0.037500 0.033750
1 0.169922 0.436875 0.050781 0.026250
1 0.206641 0.415000 0.036719 0.032500
1 0.292969 0.422500 0.035937 0.037500
1 0.324219 0.586875 0.056250 0.036250
1 0.283984 0.555000 0.036719 0.032500
1 0.278125 0.491875 0.032813 0.056250
1 0.326172 0.458125 0.050781 0.036250
1 0.389062 0.450625 0.035937 0.028750
1 0.336328 0.528125 0.049219 0.041250
1 0.425781 0.567500 0.032813 0.022500
1 0.429297 0.537500 0.036719 0.025000
1 0.370703 0.501875 0.032031 0.031250
1 0.405078 0.508125 0.036719 0.033750
1 0.478125 0.562500 0.045312 0.027500
1 0.483594 0.523125 0.031250 0.026250
1 0.525391 0.525625 0.028906 0.026250
1 0.531641 0.572500 0.038281 0.050000
1 0.557813 0.502500 0.034375 0.037500
1 0.586328 0.561875 0.039844 0.033750
1 0.655859 0.488750 0.035156 0.030000
1 0.621875 0.536875 0.068750 0.038750
1 0.639844 0.595000 0.048438 0.037500
1 0.724609 0.558125 0.038281 0.051250
1 0.767969 0.523750 0.042188 0.042500
1 0.832031 0.506875 0.029687 0.031250
1 0.865625 0.522500 0.026562 0.030000
0 0.083203 0.348125 0.036719 0.016250
0 0.076953 0.430000 0.032031 0.022500
0 0.111719 0.442500 0.029687 0.022500
0 0.064844 0.520625 0.032813 0.021250
0 0.101172 0.505625 0.035156 0.016250
0 0.138281 0.569375 0.039062 0.021250
0 0.098437 0.717500 0.037500 0.015000
0 0.143750 0.680000 0.064062 0.012500
0 0.151953 0.765625 0.038281 0.018750
0 0.304297 0.663125 0.033594 0.018750
0 0.276562 0.607500 0.035937 0.017500
0 0.384375 0.621250 0.023438 0.017500
0 0.386328 0.591875 0.041406 0.021250
0 0.504687 0.635000 0.034375 0.015000
0 0.547656 0.610625 0.031250 0.021250
0 0.638672 0.634375 0.032031 0.016250
0 0.299219 0.320000 0.028125 0.017500
0 0.405859 0.408750 0.035156 0.017500
0 0.435156 0.477500 0.035937 0.015000
0 0.501172 0.451250 0.032031 0.025000
0 0.675000 0.523750 0.042188 0.017500
1 0.700781 0.493125 0.025000 0.038750
0 0.092969 0.586875 0.029687 0.021250
0 0.310937 0.493125 0.037500 0.023750
0 0.217188 0.498750 0.031250 0.012500
