0 0.067187 0.300000 0.035937 0.022500
0 0.031641 0.380000 0.038281 0.017500
1 0.014453 0.499375 0.027344 0.061250
1 0.007031 0.440000 0.012500 0.047500
1 0.055078 0.462500 0.035156 0.027500
0 0.036328 0.551250 0.033594 0.015000
0 0.069531 0.556875 0.034375 0.033750
0 0.058203 0.580000 0.035156 0.017500
1 0.083594 0.518750 0.034375 0.025000
1 0.116797 0.555625 0.036719 0.031250
1 0.098828 0.471875 0.033594 0.021250
1 0.139453 0.508125 0.044531 0.046250
1 0.133594 0.446875 0.035937 0.033750
1 0.183594 0.444375 0.037500 0.038750
1 0.170703 0.341250 0.033594 0.030000
0 0.269531 0.456250 0.032813 0.020000
1 0.304688 0.480625 0.029687 0.043750
1 0.360938 0.457500 0.059375 0.052500
1 0.393359 0.581875 0.038281 0.028750
1 0.390625 0.539375 0.039062 0.033750
1 0.459766 0.456875 0.032031 0.041250
1 0.442578 0.512500 0.036719 0.052500
1 0.468750 0.560000 0.031250 0.027500
0 0.194531 0.580000 0.043750 0.015000
0 0.247266 0.521875 0.035156 0.023750
0 0.341016 0.562500 0.030469 0.017500
0 0.326172 0.579375 0.035156 0.018750
0 0.246484 0.695625 0.041406 0.021250
0 0.400000 0.706875 0.035937 0.016250
0 0.499609 0.633125 0.038281 0.021250
1 0.848047 0.533750 0.038281 0.037500
1 0.501172 0.584375 0.036719 0.036250
1 0.489063 0.485000 0.029687 0.025000
1 0.519141 0.496250 0.036719 0.037500
1 0.519531 0.541875 0.037500 0.043750
1 0.579297 0.498750 0.035156 0.052500
1 0.587109 0.583125 0.035156 0.021250
1 0.600000 0.556250 0.039062 0.025000
1 0.682031 0.540000 0.035937 0.027500
1 0.680859 0.566875 0.024219 0.028750
1 0.708984 0.596250 0.032031 0.052500
1 0.825391 0.608750 0.038281 0.052500
1 0.764453 0.586875 0.028906 0.036250
1 0.787109 0.556250 0.052344 0.037500
0 0.542969 0.597500 0.028125 0.015000
1 0.651172 0.582500 0.028906 0.037500
0 0.745703 0.624375 0.035156 0.021250
0 0.156250 0.416250 0.029687 0.015000
0 0.176953 0.474375 0.033594 0.016250
0 0.489844 0.403750 0.029687 0.017500
0 0.687109 0.511875 0.033594 0.016250
0 0.417578 0.640625 0.042969 0.016250
0 0.340625 0.688125 0.037500 0.016250
0 0.353125 0.538125 0.040625 0.016250
