1 0.359375 0.723750 0.034375 0.022500
1 0.401562 0.678750 0.031250 0.017500
1 0.279297 0.666875 0.039844 0.026250
1 0.189844 0.637500 0.040625 0.020000
1 0.089844 0.573125 0.042188 0.023750
1 0.117578 0.528750 0.033594 0.022500
1 0.256250 0.371875 0.037500 0.023750
1 0.464062 0.688750 0.048438 0.020000
1 0.763281 0.627500 0.028125 0.022500
1 0.436719 0.510625 0.032813 0.023750
1 0.441797 0.547500 0.033594 0.027500
1 0.170313 0.386875 0.039062 0.028750
1 0.102734 0.321875 0.046094 0.023750
1 0.122656 0.352500 0.048438 0.022500
1 0.056250 0.345000 0.039062 0.015000
1 0.028906 0.333750 0.029687 0.025000
1 0.220703 0.535000 0.036719 0.027500
1 0.219922 0.491250 0.042969 0.020000
1 0.250781 0.465000 0.023438 0.020000
1 0.285156 0.451875 0.032813 0.023750
0 0.366406 0.641250 0.034375 0.020000
0 0.076563 0.390000 0.034375 0.025000
1 0.114844 0.389375 0.035937 0.028750
0 0.035156 0.464375 0.037500 0.026250
0 0.038672 0.523125 0.038281 0.021250
0 0.065234 0.486250 0.042969 0.057500
0 0.168750 0.424375 0.035937 0.028750
0 0.126562 0.481250 0.031250 0.035000
0 0.155469 0.459375 0.031250 0.038750
1 0.186328 0.456250 0.033594 0.020000
0 0.270703 0.395000 0.041406 0.032500
0 0.364063 0.576875 0.032813 0.051250
0 0.318750 0.580000 0.032813 0.030000
0 0.302344 0.551875 0.035937 0.036250
0 0.272266 0.514375 0.033594 0.028750
0 0.346484 0.500000 0.027344 0.035000
0 0.362109 0.483125 0.038281 0.028750
0 0.335938 0.456875 0.040625 0.023750
0 0.327734 0.410625 0.044531 0.048750
1 0.382812 0.381875 0.039062 0.023750
0 0.487891 0.433750 0.028906 0.042500
0 0.474219 0.467500 0.037500 0.047500
0 0.511719 0.501250 0.023438 0.037500
0 0.537109 0.440625 0.028906 0.033750
0 0.562109 0.454375 0.019531 0.033750
0 0.588672 0.565625 0.046094 0.053750
0 0.641406 0.572500 0.037500 0.037500
0 0.698438 0.549375 0.028125 0.041250
0 0.676562 0.517500 0.026562 0.040000
0 0.632031 0.483125 0.034375 0.038750
0 0.761328 0.567500 0.028906 0.022500
0 0.766797 0.489375 0.035156 0.038750
1 0.645312 0.665625 0.045312 0.021250
1 0.516016 0.396875 0.038281 0.026250
1 0.692187 0.463125 0.046875 0.028750
1 0.214844 0.586250 0.042188 0.020000
1 0.493750 0.623750 0.042188 0.025000
0 0.812109 0.516250 0.030469 0.047500
