1 0.086719 0.606875 0.046875 0.031250
1 0.039844 0.664375 0.035937 0.028750
1 0.033594 0.599375 0.035937 0.026250
1 0.403516 0.511875 0.035156 0.028750
1 0.331250 0.311250 0.035937 0.035000
1 0.509375 0.338125 0.040625 0.038750
1 0.688281 0.400000 0.039062 0.032500
1 0.515234 0.636875 0.044531 0.021250
1 0.481641 0.619375 0.028906 0.018750
1 0.506250 0.605000 0.035937 0.022500
1 0.413281 0.614375 0.039062 0.028750
1 0.258203 0.576875 0.032031 0.021250
1 0.219531 0.591250 0.031250 0.020000
1 0.222656 0.613125 0.029687 0.021250
1 0.131641 0.594375 0.036719 0.023750
1 0.216406 0.249375 0.039062 0.036250
1 0.162500 0.350625 0.034375 0.033750
1 0.156641 0.397500 0.035156 0.032500
1 0.179297 0.436250 0.035156 0.022500
1 0.044531 0.531875 0.039062 0.023750
1 0.136328 0.516875 0.032031 0.016250
1 0.636719 0.413125 0.040625 0.038750
1 0.307422 0.432500 0.038281 0.025000
1 0.171875 0.317500 0.059375 0.035000
1 0.030078 0.316250 0.035156 0.027500
1 0.080078 0.427500 0.039844 0.030000
1 0.042188 0.503125 0.037500 0.026250
1 0.047266 0.485000 0.033594 0.027500
0 0.175000 0.558750 0.032813 0.035000
0 0.322656 0.528750 0.037500 0.045000
0 0.298438 0.461875 0.035937 0.031250
0 0.329688 0.356250 0.045312 0.047500
0 0.232422 0.370000 0.041406 0.042500
0 0.122266 0.364375 0.044531 0.043750
0 0.030859 0.343750 0.041406 0.040000
0 0.056641 0.379375 0.058594 0.038750
0 0.026562 0.441875 0.029687 0.036250
0 0.080469 0.473750 0.045312 0.037500
0 0.086719 0.530625 0.045312 0.043750
0 0.097266 0.571875 0.041406 0.041250
0 0.204297 0.510000 0.041406 0.050000
0 0.239453 0.503125 0.046094 0.056250
0 0.416016 0.566875 0.035156 0.036250
0 0.466016 0.568750 0.044531 0.077500
0 0.434375 0.461250 0.045312 0.050000
0 0.426563 0.416250 0.025000 0.027500
1 0.218750 0.449375 0.037500 0.028750
0 0.189062 0.462500 0.031250 0.037500
0 0.112500 0.484375 0.043750 0.043750
0 0.151953 0.485000 0.039844 0.037500
0 0.198437 0.413125 0.035937 0.043750
0 0.232031 0.418750 0.025000 0.040000
0 0.513672 0.523750 0.058594 0.037500
0 0.556641 0.581250 0.035156 0.042500
0 0.560937 0.551250 0.073438 0.045000
0 0.608594 0.536875 0.042188 0.036250
0 0.663281 0.549375 0.042188 0.041250
0 0.628125 0.464375 0.043750 0.043750
0 0.574609 0.447500 0.030469 0.037500
0 0.554688 0.472500 0.029687 0.050000
0 0.611719 0.493750 0.029687 0.045000
0 0.689453 0.459375 0.036719 0.058750
0 0.376563 0.463125 0.034375 0.036250
