1 0.222266 0.747500 0.039844 0.020000
1 0.040625 0.860625 0.026562 0.013750
1 0.346875 0.671250 0.045312 0.025000
1 0.457031 0.642500 0.032813 0.022500
1 0.052344 0.348125 0.032813 0.018750
1 0.049609 0.332500 0.039844 0.015000
1 0.203125 0.515000 0.040625 0.020000
1 0.268359 0.515625 0.039844 0.021250
1 0.198047 0.493750 0.035156 0.017500
1 0.048047 0.442500 0.042969 0.025000
1 0.030859 0.580625 0.042969 0.021250
1 0.030859 0.603125 0.044531 0.021250
1 0.211328 0.330625 0.039844 0.026250
0 0.074219 0.270000 0.037500 0.052500
0 0.016406 0.460625 0.031250 0.033750
0 0.010547 0.536250 0.019531 0.042500
0 0.081641 0.587500 0.035156 0.035000
0 0.165625 0.476875 0.037500 0.038750
0 0.069922 0.508125 0.032031 0.031250
0 0.046484 0.541250 0.041406 0.045000
0 0.354297 0.551250 0.025781 0.027500
0 0.389062 0.580625 0.028125 0.038750
0 0.427344 0.571875 0.026562 0.036250
0 0.225391 0.377500 0.033594 0.042500
1 0.194922 0.426875 0.042969 0.023750
1 0.296094 0.430000 0.029687 0.025000
1 0.369531 0.410000 0.035937 0.027500
0 0.112500 0.361875 0.043750 0.033750
0 0.098047 0.391250 0.030469 0.042500
0 0.108203 0.418750 0.036719 0.030000
0 0.091406 0.441250 0.035937 0.035000
0 0.330078 0.460000 0.041406 0.040000
0 0.477734 0.406250 0.039844 0.042500
0 0.439844 0.448750 0.050000 0.042500
0 0.441016 0.495625 0.049219 0.028750
0 0.489063 0.483125 0.035937 0.038750
0 0.477734 0.518125 0.028906 0.041250
0 0.390234 0.440000 0.039844 0.035000
0 0.582812 0.580625 0.029687 0.038750
0 0.625781 0.561250 0.029687 0.032500
0 0.627734 0.516875 0.035156 0.051250
0 0.592578 0.491875 0.038281 0.058750
1 0.710156 0.544375 0.031250 0.016250
0 0.678516 0.472500 0.053906 0.042500
0 0.687891 0.508125 0.030469 0.033750
0 0.678516 0.546250 0.027344 0.032500
1 0.408594 0.309375 0.040625 0.031250
1 0.407813 0.365625 0.032813 0.021250
0 0.328906 0.508750 0.034375 0.035000
