1 0.180469 0.645000 0.037500 0.022500
1 0.203516 0.590000 0.042969 0.020000
1 0.244922 0.598125 0.030469 0.021250
1 0.239453 0.577500 0.027344 0.015000
1 0.341797 0.609375 0.032031 0.021250
1 0.391016 0.553750 0.042969 0.022500
1 0.377344 0.571875 0.028125 0.021250
1 0.153906 0.328125 0.040625 0.028750
0 0.023828 0.530625 0.032031 0.023750
0 0.187500 0.514375 0.035937 0.021250
1 0.302344 0.612500 0.042188 0.025000
1 0.494141 0.364375 0.042969 0.038750
1 0.190234 0.347500 0.039844 0.025000
1 0.171484 0.419375 0.042969 0.021250
0 0.064844 0.574375 0.043750 0.036250
0 0.111719 0.541875 0.034375 0.026250
0 0.068750 0.538750 0.045312 0.035000
0 0.012109 0.437500 0.022656 0.055000
0 0.081250 0.450000 0.031250 0.035000
0 0.129297 0.469375 0.050781 0.056250
0 0.136719 0.516875 0.043750 0.033750
0 0.216016 0.486875 0.036719 0.043750
0 0.233984 0.538125 0.047656 0.031250
0 0.303906 0.565000 0.035937 0.035000
0 0.328125 0.528750 0.029687 0.040000
0 0.360938 0.508750 0.060937 0.037500
0 0.456641 0.543750 0.033594 0.055000
0 0.501953 0.473125 0.032031 0.038750
0 0.484375 0.403750 0.046875 0.040000
0 0.439063 0.486250 0.039062 0.045000
1 0.192578 0.433750 0.039844 0.030000
0 0.196484 0.403125 0.038281 0.033750
0 0.161719 0.371875 0.035937 0.041250
0 0.260937 0.390000 0.043750 0.040000
0 0.372266 0.396250 0.038281 0.047500
0 0.252734 0.497500 0.039844 0.055000
0 0.287891 0.496875 0.044531 0.048750
0 0.309375 0.425000 0.037500 0.035000
0 0.333594 0.445625 0.031250 0.033750
1 0.331250 0.478125 0.037500 0.031250
1 0.375000 0.473125 0.037500 0.023750
0 0.368750 0.440000 0.034375 0.040000
1 0.078516 0.292500 0.038281 0.032500
0 0.555078 0.556250 0.033594 0.045000
0 0.581641 0.573125 0.033594 0.066250
0 0.560937 0.472500 0.042188 0.065000
0 0.609375 0.534375 0.029687 0.041250
0 0.640234 0.550625 0.028906 0.053750
0 0.682031 0.505000 0.032813 0.050000
0 0.691016 0.565625 0.044531 0.051250
0 0.728125 0.515625 0.029687 0.043750
0 0.710938 0.477500 0.032813 0.055000
0 0.256641 0.567500 0.033594 0.025000
