1 0.822266 0.599375 0.044531 0.031250
1 0.795703 0.516875 0.032031 0.033750
1 0.760938 0.496250 0.032813 0.030000
0 0.027734 0.430625 0.032031 0.018750
0 0.044922 0.790000 0.039844 0.020000
0 0.040234 0.695000 0.039844 0.022500
0 0.215625 0.676250 0.034375 0.020000
0 0.185938 0.612500 0.032813 0.017500
0 0.312500 0.631875 0.026562 0.016250
0 0.292578 0.597500 0.033594 0.017500
0 0.299609 0.370625 0.033594 0.018750
0 0.412500 0.410625 0.031250 0.023750
0 0.555469 0.651875 0.031250 0.018750
0 0.421094 0.640000 0.031250 0.022500
0 0.460938 0.604375 0.037500 0.023750
0 0.321484 0.464375 0.038281 0.016250
0 0.045312 0.564375 0.034375 0.013750
1 0.080078 0.567500 0.042969 0.032500
1 0.072656 0.456875 0.029687 0.036250
1 0.088281 0.426875 0.050000 0.033750
1 0.125000 0.518750 0.032813 0.040000
0 0.142187 0.492500 0.028125 0.015000
1 0.137891 0.403750 0.028906 0.035000
1 0.220703 0.407500 0.032031 0.035000
1 0.211719 0.486250 0.050000 0.060000
1 0.249219 0.444375 0.045312 0.043750
1 0.308203 0.433750 0.042969 0.025000
1 0.205078 0.553125 0.032031 0.033750
1 0.232813 0.577500 0.037500 0.027500
1 0.260937 0.595625 0.026562 0.031250
1 0.255469 0.522500 0.039062 0.040000
1 0.353516 0.562500 0.032031 0.022500
1 0.392188 0.550625 0.040625 0.021250
1 0.353516 0.528125 0.035156 0.031250
1 0.399219 0.520000 0.040625 0.030000
1 0.321094 0.500625 0.032813 0.036250
1 0.287109 0.503750 0.041406 0.040000
1 0.476953 0.487500 0.041406 0.030000
1 0.458594 0.513750 0.031250 0.032500
1 0.454297 0.560000 0.033594 0.057500
0 0.623047 0.551250 0.038281 0.020000
1 0.564844 0.575000 0.042188 0.055000
1 0.509375 0.548750 0.034375 0.035000
1 0.545312 0.519375 0.087500 0.043750
1 0.576562 0.474375 0.054688 0.031250
1 0.628516 0.485625 0.036719 0.028750
1 0.691797 0.514375 0.039844 0.053750
1 0.661719 0.553125 0.040625 0.046250
1 0.682422 0.588125 0.039844 0.031250
0 0.213281 0.279375 0.034375 0.021250
0 0.423047 0.449375 0.035156 0.016250
