0 0.521094 0.602500 0.025000 0.015000
0 0.038672 0.291875 0.036719 0.016250
0 0.011328 0.550000 0.021094 0.015000
0 0.210156 0.700000 0.048438 0.017500
0 0.364844 0.716250 0.035937 0.020000
0 0.473438 0.640000 0.032813 0.020000
0 0.718359 0.620625 0.032031 0.016250
0 0.029687 0.578750 0.035937 0.017500
0 0.158984 0.579375 0.041406 0.018750
0 0.244141 0.453750 0.035156 0.020000
0 0.223047 0.521250 0.033594 0.022500
0 0.311328 0.560625 0.030469 0.013750
0 0.301563 0.579375 0.034375 0.016250
0 0.126953 0.413750 0.030469 0.017500
0 0.146094 0.471250 0.037500 0.017500
1 0.148828 0.333125 0.035156 0.028750
1 0.028906 0.461250 0.034375 0.030000
1 0.068359 0.468750 0.033594 0.022500
1 0.104297 0.441875 0.032031 0.028750
1 0.159375 0.441875 0.035937 0.043750
1 0.051172 0.516875 0.033594 0.023750
1 0.039062 0.555625 0.032813 0.028750
1 0.096875 0.554375 0.046875 0.033750
1 0.110547 0.506875 0.046094 0.046250
1 0.281250 0.479375 0.032813 0.036250
1 0.348438 0.451875 0.028125 0.051250
1 0.323828 0.460625 0.027344 0.023750
1 0.359766 0.578750 0.041406 0.032500
1 0.363281 0.538125 0.040625 0.033750
1 0.437500 0.453125 0.031250 0.038750
1 0.419141 0.508750 0.033594 0.047500
1 0.441406 0.560625 0.029687 0.026250
1 0.480469 0.584375 0.039062 0.036250
1 0.495703 0.541875 0.039844 0.043750
1 0.490625 0.495625 0.037500 0.046250
1 0.460156 0.479375 0.028125 0.026250
1 0.820703 0.525000 0.038281 0.035000
1 0.855469 0.506875 0.031250 0.038750
1 0.686328 0.595625 0.036719 0.053750
1 0.653906 0.538125 0.037500 0.028750
1 0.660937 0.563750 0.025000 0.027500
1 0.737500 0.586875 0.034375 0.031250
1 0.798828 0.600000 0.039844 0.065000
1 0.770312 0.563750 0.045312 0.045000
1 0.724219 0.526250 0.037500 0.040000
1 0.553125 0.496250 0.035937 0.055000
1 0.576172 0.541875 0.039844 0.043750
1 0.564063 0.581250 0.037500 0.030000
1 0.625000 0.581875 0.029687 0.036250
0 0.462500 0.600000 0.029687 0.015000
0 0.466016 0.392500 0.028906 0.020000
1 0.859375 0.573125 0.034375 0.051250
0 0.383984 0.643750 0.039844 0.017500
0 0.305859 0.693750 0.036719 0.015000
