1 0.606641 0.683750 0.032031 0.027500
1 0.150391 0.769375 0.039844 0.018750
1 0.203516 0.700625 0.035156 0.018750
1 0.244141 0.638125 0.046094 0.031250
1 0.272266 0.574375 0.035156 0.026250
1 0.073438 0.710000 0.037500 0.022500
1 0.017188 0.530000 0.032813 0.025000
1 0.048828 0.432500 0.035156 0.025000
1 0.041016 0.316875 0.030469 0.018750
1 0.530469 0.410625 0.032813 0.031250
1 0.529297 0.635625 0.047656 0.018750
1 0.683203 0.619375 0.036719 0.023750
1 0.303906 0.553750 0.034375 0.020000
1 0.328906 0.523125 0.034375 0.023750
1 0.212500 0.521875 0.039062 0.026250
1 0.229687 0.583125 0.032813 0.028750
1 0.436328 0.388125 0.039844 0.038750
1 0.187891 0.455625 0.035156 0.026250
1 0.131641 0.459375 0.039844 0.026250
1 0.385547 0.751875 0.047656 0.021250
0 0.165234 0.648125 0.036719 0.038750
0 0.128516 0.576875 0.036719 0.038750
0 0.100391 0.537500 0.041406 0.040000
0 0.055859 0.496875 0.036719 0.036250
0 0.077734 0.474375 0.035156 0.038750
0 0.130078 0.364375 0.050781 0.043750
0 0.500000 0.501250 0.042188 0.037500
0 0.498437 0.537500 0.035937 0.040000
0 0.462109 0.503125 0.030469 0.041250
0 0.451172 0.457500 0.036719 0.035000
0 0.409375 0.557500 0.039062 0.042500
0 0.457813 0.564375 0.035937 0.036250
0 0.362500 0.479375 0.037500 0.028750
0 0.307422 0.446250 0.038281 0.050000
0 0.269141 0.471875 0.036719 0.046250
1 0.243750 0.483125 0.029687 0.023750
1 0.583203 0.564375 0.032031 0.031250
0 0.614062 0.481250 0.039062 0.037500
0 0.386328 0.513125 0.035156 0.038750
1 0.637109 0.597500 0.039844 0.030000
0 0.675000 0.581250 0.034375 0.040000
0 0.668750 0.529375 0.046875 0.043750
0 0.723047 0.554375 0.039844 0.046250
0 0.758984 0.594375 0.036719 0.063750
0 0.348828 0.388125 0.052344 0.058750
0 0.145703 0.429375 0.039844 0.033750
0 0.067578 0.346875 0.033594 0.033750
0 0.188672 0.571250 0.038281 0.062500
0 0.169922 0.479375 0.039844 0.046250
0 0.718359 0.498750 0.044531 0.047500
1 0.608984 0.511875 0.047656 0.028750
1 0.267969 0.383125 0.035937 0.026250
1 0.514062 0.623125 0.042188 0.016250
1 0.538672 0.549375 0.038281 0.021250
