1 0.177734 0.233750 0.042969 0.032500
1 0.140234 0.311250 0.047656 0.030000
1 0.131250 0.346250 0.039062 0.027500
1 0.128516 0.393125 0.044531 0.028750
1 0.183594 0.440000 0.034375 0.030000
1 0.202734 0.558750 0.041406 0.030000
1 0.053906 0.605625 0.035937 0.026250
1 0.014844 0.666250 0.028125 0.030000
1 0.389844 0.613750 0.031250 0.027500
1 0.470703 0.639375 0.047656 0.028750
1 0.475391 0.315625 0.039844 0.041250
1 0.296484 0.298125 0.039844 0.031250
1 0.044531 0.423750 0.042188 0.025000
1 0.069531 0.404375 0.037500 0.023750
1 0.453516 0.373125 0.039844 0.036250
1 0.531250 0.390625 0.035937 0.031250
0 0.301563 0.526250 0.045312 0.040000
0 0.266016 0.458125 0.038281 0.038750
0 0.295703 0.343750 0.046094 0.045000
0 0.202734 0.365000 0.044531 0.045000
0 0.169141 0.408125 0.035156 0.041250
0 0.204297 0.415625 0.028906 0.038750
0 0.149219 0.558750 0.039062 0.035000
0 0.058203 0.530625 0.042969 0.041250
0 0.069141 0.570625 0.042969 0.036250
0 0.054297 0.469375 0.038281 0.038750
0 0.082422 0.483125 0.042969 0.061250
0 0.126172 0.482500 0.035156 0.045000
0 0.164062 0.464375 0.031250 0.036250
0 0.444531 0.570000 0.045312 0.077500
0 0.392188 0.562500 0.031250 0.030000
0 0.412891 0.460625 0.035156 0.051250
0 0.487891 0.523125 0.047656 0.036250
0 0.530469 0.581250 0.035937 0.037500
0 0.529297 0.551875 0.052344 0.033750
0 0.527734 0.470000 0.033594 0.050000
0 0.546875 0.442500 0.029687 0.032500
0 0.607031 0.456875 0.039062 0.043750
0 0.664844 0.457500 0.034375 0.047500
0 0.642188 0.546250 0.034375 0.040000
0 0.590625 0.533125 0.039062 0.033750
0 0.591406 0.491250 0.026562 0.037500
0 0.175391 0.506875 0.032031 0.051250
0 0.216016 0.502500 0.036719 0.050000
0 0.091406 0.361250 0.043750 0.047500
0 0.031641 0.378750 0.055469 0.042500
1 0.459375 0.440000 0.037500 0.032500
1 0.659766 0.391875 0.035156 0.028750
1 0.100781 0.633750 0.037500 0.025000
1 0.372266 0.400000 0.046094 0.037500
0 0.351562 0.458125 0.034375 0.033750
