0 0.069531 0.423750 0.042188 0.022500
0 0.074609 0.380625 0.038281 0.026250
0 0.203906 0.467500 0.046875 0.027500
0 0.485547 0.617500 0.036719 0.035000
0 0.569531 0.631250 0.040625 0.022500
0 0.635938 0.610625 0.040625 0.021250
0 0.601562 0.477500 0.029687 0.025000
0 0.057031 0.518125 0.037500 0.031250
0 0.097656 0.593750 0.042188 0.025000
0 0.055469 0.568750 0.034375 0.020000
0 0.037500 0.604375 0.037500 0.016250
0 0.042188 0.646875 0.043750 0.018750
0 0.265234 0.583750 0.036719 0.030000
0 0.341406 0.583750 0.032813 0.025000
0 0.385156 0.620000 0.040625 0.025000
0 0.439063 0.608125 0.042188 0.021250
0 0.450781 0.588125 0.040625 0.023750
0 0.285547 0.746875 0.042969 0.026250
0 0.083203 0.703125 0.039844 0.026250
0 0.182422 0.923125 0.041406 0.031250
0 0.538672 0.710000 0.030469 0.027500
0 0.516016 0.584375 0.032031 0.021250
0 0.557422 0.570625 0.036719 0.023750
1 0.764844 0.590625 0.029687 0.036250
0 0.698438 0.630000 0.031250 0.025000
0 0.717578 0.663125 0.033594 0.026250
0 0.552734 0.648125 0.038281 0.021250
0 0.294141 0.481250 0.041406 0.020000
0 0.783984 0.682500 0.038281 0.022500
0 0.686328 0.671250 0.022656 0.017500
0 0.648438 0.678750 0.034375 0.012500
0 0.622656 0.734375 0.017188 0.016250
0 0.801953 0.634375 0.036719 0.013750
0 0.817187 0.613125 0.034375 0.021250
0 0.705859 0.575625 0.039844 0.016250
0 0.153906 0.740000 0.039062 0.020000
0 0.473047 0.833750 0.016406 0.015000
0 0.400000 0.553750 0.042188 0.015000
0 0.378516 0.535000 0.036719 0.015000
0 0.429688 0.428750 0.032813 0.025000
0 0.125391 0.545625 0.036719 0.016250
