1 0.110547 0.585625 0.046094 0.018750
1 0.110937 0.708125 0.042188 0.021250
1 0.188281 0.697500 0.031250 0.022500
1 0.414844 0.684375 0.028125 0.021250
1 0.378125 0.617500 0.029687 0.022500
1 0.132422 0.640000 0.033594 0.020000
1 0.210938 0.539375 0.037500 0.023750
1 0.210547 0.501875 0.041406 0.026250
0 0.144141 0.388750 0.028906 0.040000
0 0.151562 0.339375 0.031250 0.048750
0 0.101172 0.381250 0.049219 0.062500
0 0.041797 0.386875 0.041406 0.031250
0 0.029687 0.503125 0.034375 0.043750
0 0.013281 0.544375 0.025000 0.026250
0 0.113281 0.478125 0.042188 0.033750
0 0.149609 0.469375 0.033594 0.043750
0 0.181250 0.463125 0.032813 0.061250
0 0.271484 0.396875 0.025781 0.038750
0 0.303125 0.545625 0.034375 0.038750
0 0.343359 0.524375 0.033594 0.033750
1 0.089453 0.516250 0.028906 0.020000
1 0.112891 0.555000 0.033594 0.025000
1 0.116797 0.531875 0.033594 0.031250
0 0.163672 0.553750 0.036719 0.032500
0 0.257031 0.577500 0.043750 0.032500
0 0.264844 0.555000 0.039062 0.042500
1 0.243750 0.423750 0.040625 0.030000
1 0.304297 0.427500 0.033594 0.030000
1 0.353906 0.315625 0.039062 0.026250
0 0.348438 0.414375 0.051562 0.036250
0 0.390625 0.432500 0.042188 0.042500
0 0.406250 0.488750 0.034375 0.042500
0 0.462109 0.422500 0.042969 0.040000
0 0.276562 0.472500 0.035937 0.032500
0 0.301172 0.461250 0.027344 0.040000
0 0.306641 0.495000 0.072656 0.035000
0 0.437109 0.555625 0.041406 0.031250
0 0.609766 0.451250 0.035156 0.047500
0 0.566406 0.461250 0.042188 0.037500
0 0.566406 0.430625 0.031250 0.036250
0 0.525391 0.493125 0.039844 0.036250
0 0.496484 0.512500 0.035156 0.042500
1 0.580078 0.560000 0.038281 0.027500
0 0.632031 0.563750 0.043750 0.052500
0 0.636328 0.515000 0.039844 0.040000
0 0.589453 0.514375 0.033594 0.038750
0 0.484375 0.575000 0.035937 0.045000
0 0.510156 0.557500 0.028125 0.027500
0 0.530078 0.534375 0.038281 0.046250
0 0.445312 0.518125 0.037500 0.036250
1 0.529687 0.420000 0.034375 0.027500
0 0.700000 0.566875 0.034375 0.043750
0 0.741016 0.578125 0.044531 0.068750
0 0.704688 0.468125 0.035937 0.041250
0 0.434375 0.462500 0.035937 0.032500
1 0.310547 0.382500 0.038281 0.030000
1 0.148828 0.597500 0.042969 0.017500
1 0.532813 0.588125 0.029687 0.018750
