1 0.307031 0.596875 0.034375 0.021250
1 0.455469 0.553125 0.037500 0.018750
1 0.543359 0.528125 0.033594 0.023750
1 0.454688 0.350625 0.035937 0.028750
1 0.557813 0.381875 0.039062 0.033750
1 0.236328 0.634375 0.033594 0.023750
1 0.315625 0.713125 0.029687 0.023750
1 0.404297 0.590625 0.030469 0.021250
1 0.072266 0.616875 0.036719 0.021250
1 0.074219 0.719375 0.034375 0.018750
1 0.078516 0.533750 0.033594 0.025000
1 0.049219 0.483750 0.035937 0.025000
1 0.013281 0.533125 0.025000 0.016250
1 0.371094 0.393750 0.035937 0.022500
1 0.145313 0.317500 0.035937 0.025000
1 0.268359 0.588750 0.035156 0.017500
1 0.210156 0.581875 0.045312 0.026250
1 0.376953 0.307500 0.036719 0.025000
1 0.249219 0.275000 0.040625 0.025000
1 0.168750 0.252500 0.039062 0.027500
0 0.014453 0.299375 0.027344 0.036250
0 0.011328 0.355000 0.021094 0.052500
0 0.018359 0.460625 0.030469 0.031250
0 0.054688 0.445625 0.040625 0.058750
0 0.135547 0.455000 0.032031 0.027500
0 0.119531 0.574375 0.034375 0.033750
0 0.164453 0.544375 0.030469 0.038750
0 0.193359 0.520625 0.030469 0.036250
0 0.125781 0.544375 0.031250 0.043750
0 0.035547 0.551875 0.036719 0.036250
0 0.177344 0.485625 0.060937 0.036250
0 0.267188 0.488125 0.035937 0.041250
0 0.216797 0.385000 0.035156 0.035000
0 0.251172 0.409375 0.036719 0.033750
0 0.255859 0.439375 0.042969 0.033750
0 0.317578 0.401875 0.052344 0.038750
0 0.293750 0.547500 0.043750 0.035000
1 0.318750 0.569375 0.029687 0.021250
0 0.358203 0.568750 0.033594 0.030000
0 0.380078 0.545625 0.030469 0.046250
0 0.402734 0.523125 0.038281 0.046250
0 0.505859 0.548750 0.030469 0.047500
0 0.551562 0.479375 0.028125 0.033750
0 0.493750 0.491875 0.034375 0.048750
0 0.428125 0.446875 0.032813 0.038750
0 0.427734 0.408750 0.030469 0.037500
0 0.456641 0.415000 0.030469 0.042500
1 0.483594 0.445000 0.037500 0.025000
0 0.385547 0.471250 0.030469 0.037500
0 0.380469 0.443750 0.043750 0.035000
0 0.350000 0.503125 0.028125 0.036250
1 0.439063 0.479375 0.037500 0.031250
0 0.451172 0.513125 0.044531 0.026250
1 0.216797 0.346250 0.039844 0.025000
0 0.597656 0.557500 0.026562 0.045000
0 0.627344 0.575000 0.037500 0.062500
0 0.610156 0.481250 0.043750 0.052500
0 0.650391 0.537500 0.027344 0.032500
0 0.682813 0.551875 0.031250 0.056250
0 0.677344 0.457500 0.037500 0.042500
0 0.313672 0.498125 0.036719 0.048750
0 0.139063 0.370000 0.032813 0.035000
1 0.154688 0.396875 0.035937 0.018750
1 0.166797 0.728125 0.033594 0.021250
1 0.237500 0.524375 0.046875 0.031250
0 0.736719 0.523125 0.035937 0.041250
0 0.737500 0.570000 0.043750 0.050000
0 0.553125 0.422500 0.035937 0.045000
