0 0.521875 0.563750 0.040625 0.017500
1 0.014453 0.527500 0.027344 0.040000
1 0.036719 0.625625 0.035937 0.028750
1 0.052734 0.439375 0.035156 0.046250
1 0.058203 0.502500 0.038281 0.025000
1 0.116406 0.570000 0.035937 0.030000
0 0.140234 0.593125 0.033594 0.021250
0 0.175000 0.601875 0.037500 0.018750
1 0.229297 0.589375 0.046094 0.036250
1 0.198047 0.556250 0.042969 0.042500
0 0.359375 0.751250 0.032813 0.017500
0 0.707422 0.649375 0.041406 0.018750
0 0.663281 0.536875 0.031250 0.021250
0 0.190625 0.228750 0.026562 0.022500
0 0.214844 0.401875 0.046875 0.021250
0 0.315234 0.353125 0.038281 0.018750
0 0.260547 0.449375 0.027344 0.016250
0 0.212500 0.478750 0.031250 0.017500
0 0.171484 0.461875 0.035156 0.016250
0 0.231641 0.524375 0.032031 0.023750
0 0.264844 0.516250 0.031250 0.020000
0 0.299219 0.509375 0.040625 0.018750
0 0.298438 0.531250 0.037500 0.025000
0 0.385937 0.599375 0.035937 0.021250
1 0.337891 0.513125 0.042969 0.046250
1 0.379688 0.496875 0.043750 0.043750
1 0.524219 0.486250 0.031250 0.035000
0 0.467578 0.423750 0.033594 0.020000
0 0.112500 0.488750 0.051562 0.015000
0 0.098437 0.507500 0.032813 0.015000
0 0.065234 0.539375 0.036719 0.013750
1 0.427734 0.565000 0.039844 0.030000
1 0.444141 0.503750 0.032031 0.027500
1 0.473828 0.540625 0.049219 0.036250
1 0.608594 0.522500 0.025000 0.045000
0 0.583594 0.515625 0.031250 0.021250
1 0.666016 0.504375 0.028906 0.036250
0 0.678125 0.601250 0.042188 0.017500
0 0.762891 0.596250 0.032031 0.020000
1 0.725000 0.568750 0.029687 0.035000
0 0.703906 0.553750 0.032813 0.012500
1 0.759766 0.532500 0.055469 0.037500
1 0.852344 0.540000 0.028125 0.032500
1 0.818359 0.570625 0.071094 0.026250
0 0.819531 0.606875 0.040625 0.023750
0 0.528906 0.521250 0.035937 0.017500
1 0.480469 0.490000 0.034375 0.025000
0 0.479297 0.568125 0.030469 0.021250
0 0.463672 0.440000 0.035156 0.020000
0 0.482031 0.464375 0.032813 0.016250
