1 0.457031 0.655625 0.040625 0.023750
1 0.321484 0.724375 0.039844 0.021250
1 0.083594 0.691250 0.039062 0.020000
1 0.107813 0.838750 0.029687 0.020000
1 0.099609 0.375000 0.041406 0.030000
1 0.098437 0.280625 0.035937 0.023750
1 0.025781 0.272500 0.040625 0.027500
1 0.310156 0.353125 0.039062 0.021250
1 0.461719 0.431250 0.042188 0.025000
1 0.379297 0.444375 0.033594 0.021250
1 0.140625 0.581875 0.037500 0.021250
1 0.014844 0.305625 0.028125 0.018750
1 0.146875 0.450000 0.039062 0.022500
1 0.150391 0.365000 0.033594 0.022500
1 0.295312 0.503125 0.037500 0.021250
0 0.308984 0.405625 0.035156 0.031250
0 0.094531 0.473125 0.050000 0.031250
1 0.098437 0.498125 0.035937 0.016250
0 0.088281 0.536250 0.040625 0.052500
0 0.136328 0.546875 0.041406 0.041250
0 0.145703 0.508125 0.042969 0.043750
0 0.040234 0.534375 0.030469 0.036250
0 0.012891 0.559375 0.024219 0.041250
0 0.013281 0.433125 0.025000 0.053750
0 0.251172 0.490000 0.036719 0.037500
0 0.498047 0.581875 0.035156 0.036250
0 0.555859 0.558750 0.028906 0.030000
0 0.549219 0.528125 0.034375 0.038750
0 0.564453 0.489375 0.030469 0.033750
0 0.555469 0.425625 0.048438 0.056250
0 0.519141 0.430000 0.049219 0.032500
0 0.524609 0.461250 0.041406 0.047500
1 0.442578 0.556250 0.038281 0.025000
1 0.283594 0.467500 0.035937 0.027500
0 0.046094 0.428125 0.035937 0.056250
0 0.019141 0.481875 0.036719 0.036250
0 0.200000 0.388750 0.040625 0.042500
0 0.186719 0.418125 0.042188 0.058750
1 0.371094 0.428125 0.045312 0.016250
0 0.473047 0.458125 0.032031 0.033750
0 0.414453 0.471250 0.046094 0.032500
0 0.521875 0.503750 0.043750 0.030000
0 0.654297 0.497500 0.032031 0.042500
0 0.660156 0.584375 0.034375 0.051250
0 0.410156 0.513125 0.034375 0.036250
1 0.443750 0.529375 0.032813 0.026250
0 0.167578 0.590625 0.033594 0.033750
0 0.162109 0.298125 0.032031 0.051250
