0 0.087891 0.595625 0.039844 0.026250
0 0.105078 0.546875 0.038281 0.023750
0 0.016406 0.538125 0.031250 0.023750
0 0.306250 0.602500 0.040625 0.032500
0 0.248828 0.551875 0.032031 0.021250
1 0.677344 0.640625 0.048438 0.023750
1 0.728516 0.658125 0.030469 0.036250
0 0.766016 0.642500 0.036719 0.025000
0 0.579297 0.620000 0.041406 0.020000
1 0.675391 0.661250 0.046094 0.025000
0 0.500781 0.645000 0.039062 0.015000
0 0.387500 0.646250 0.043750 0.017500
0 0.358594 0.407500 0.029687 0.020000
0 0.418359 0.592500 0.032031 0.022500
0 0.110937 0.315000 0.035937 0.027500
0 0.267188 0.660000 0.043750 0.020000
0 0.253516 0.715625 0.046094 0.018750
0 0.291406 0.785000 0.031250 0.020000
0 0.468750 0.813125 0.025000 0.018750
0 0.475391 0.735000 0.032031 0.017500
0 0.453906 0.684375 0.037500 0.018750
0 0.481250 0.607500 0.040625 0.015000
0 0.427344 0.551250 0.046875 0.022500
0 0.101172 0.729375 0.047656 0.023750
0 0.617969 0.571250 0.035937 0.015000
0 0.530469 0.518750 0.043750 0.025000
0 0.150781 0.796875 0.045312 0.018750
0 0.561328 0.548750 0.032031 0.025000
1 0.542578 0.534375 0.033594 0.028750
0 0.230469 0.612500 0.042188 0.032500
0 0.221094 0.586875 0.039062 0.028750
0 0.351172 0.916250 0.021094 0.022500
0 0.353906 0.491250 0.042188 0.012500
0 0.478906 0.625000 0.039062 0.017500
0 0.608594 0.560625 0.018750 0.011250
0 0.785937 0.603125 0.034375 0.018750
0 0.743359 0.596875 0.041406 0.013750
0 0.773828 0.688125 0.042969 0.018750
0 0.744141 0.673750 0.027344 0.017500
