0 0.225000 0.746875 0.037500 0.018750
0 0.201953 0.761875 0.039844 0.018750
0 0.061328 0.693125 0.041406 0.013750
0 0.050781 0.731250 0.040625 0.017500
0 0.124609 0.588750 0.038281 0.017500
0 0.191016 0.555625 0.036719 0.016250
0 0.295312 0.584375 0.040625 0.018750
0 0.255469 0.649375 0.037500 0.013750
0 0.227344 0.662500 0.039062 0.020000
0 0.054297 0.431250 0.042969 0.025000
0 0.022266 0.584375 0.042969 0.026250
0 0.426953 0.411875 0.042969 0.033750
0 0.581250 0.522500 0.040625 0.030000
0 0.474219 0.556875 0.056250 0.026250
0 0.672266 0.710000 0.050781 0.030000
0 0.743359 0.621250 0.052344 0.020000
0 0.601562 0.586250 0.035937 0.020000
0 0.629297 0.579375 0.046094 0.026250
1 0.198828 0.609375 0.030469 0.033750
1 0.248438 0.608125 0.034375 0.036250
1 0.642188 0.612500 0.032813 0.030000
0 0.822656 0.613125 0.045312 0.023750
0 0.708594 0.599375 0.039062 0.023750
0 0.696094 0.623125 0.037500 0.026250
0 0.745703 0.645625 0.047656 0.016250
0 0.803906 0.570000 0.042188 0.015000
0 0.796094 0.640000 0.037500 0.025000
0 0.282031 0.711250 0.045312 0.017500
0 0.422656 0.571875 0.039062 0.016250
0 0.465234 0.664375 0.049219 0.023750
0 0.126953 0.641875 0.041406 0.018750
1 0.324609 0.527500 0.039844 0.040000
0 0.187109 0.455000 0.042969 0.020000
