0 0.529687 0.553750 0.039062 0.022500
0 0.676172 0.623750 0.042969 0.022500
0 0.651563 0.667500 0.042188 0.022500
0 0.613672 0.614375 0.038281 0.018750
0 0.604688 0.665625 0.042188 0.021250
0 0.517969 0.671875 0.046875 0.016250
0 0.435937 0.666875 0.042188 0.021250
0 0.374219 0.645625 0.046875 0.018750
0 0.415625 0.757500 0.031250 0.015000
0 0.150000 0.670000 0.053125 0.022500
0 0.105469 0.623750 0.037500 0.015000
0 0.144922 0.611250 0.041406 0.015000
0 0.111719 0.567500 0.056250 0.020000
0 0.037109 0.651250 0.044531 0.012500
0 0.390625 0.802500 0.042188 0.027500
0 0.215234 0.746875 0.039844 0.016250
0 0.772266 0.625625 0.032031 0.023750
0 0.774609 0.665625 0.035156 0.016250
0 0.782813 0.700625 0.034375 0.023750
0 0.750000 0.694375 0.035937 0.021250
0 0.705078 0.606250 0.041406 0.027500
0 0.685937 0.538125 0.031250 0.021250
0 0.160156 0.456875 0.039062 0.021250
0 0.542188 0.703125 0.043750 0.021250
0 0.504297 0.728750 0.033594 0.020000
0 0.377344 0.760000 0.034375 0.020000
0 0.800781 0.625000 0.034375 0.017500
0 0.253906 0.585625 0.056250 0.023750
1 0.403516 0.601875 0.036719 0.036250
1 0.466406 0.608750 0.035937 0.032500
1 0.270703 0.548125 0.032031 0.053750
1 0.639453 0.635625 0.033594 0.048750
1 0.705078 0.573750 0.036719 0.040000
1 0.828906 0.670625 0.035937 0.041250
0 0.417187 0.713125 0.028125 0.021250
