0 0.285547 0.695000 0.032031 0.017500
0 0.089453 0.666875 0.032031 0.018750
0 0.124609 0.827500 0.038281 0.022500
0 0.166406 0.504375 0.043750 0.023750
0 0.067969 0.526875 0.037500 0.021250
0 0.289844 0.478125 0.040625 0.021250
0 0.197266 0.363125 0.033594 0.023750
0 0.483594 0.576250 0.046875 0.020000
0 0.269531 0.619375 0.040625 0.018750
0 0.158203 0.610625 0.044531 0.018750
0 0.138281 0.618750 0.040625 0.020000
0 0.235156 0.512500 0.040625 0.017500
1 0.607031 0.643750 0.035937 0.032500
1 0.540625 0.671250 0.034375 0.035000
1 0.513672 0.641250 0.038281 0.037500
0 0.078516 0.437500 0.039844 0.017500
0 0.094922 0.459375 0.042969 0.016250
0 0.056250 0.575000 0.042188 0.030000
0 0.098047 0.605000 0.035156 0.030000
0 0.385156 0.518750 0.034375 0.027500
1 0.401562 0.499375 0.031250 0.031250
0 0.241406 0.572500 0.032813 0.027500
0 0.015234 0.595625 0.028906 0.033750
0 0.340625 0.774375 0.026562 0.021250
0 0.271875 0.965000 0.020313 0.022500
1 0.697266 0.631250 0.041406 0.032500
0 0.695312 0.550625 0.034375 0.021250
0 0.135547 0.572500 0.039844 0.022500
0 0.009766 0.730625 0.017969 0.021250
0 0.427344 0.494375 0.025000 0.021250
0 0.366016 0.865000 0.024219 0.020000
0 0.754687 0.551875 0.046875 0.023750
0 0.376953 0.546250 0.046094 0.017500
0 0.229297 0.594375 0.044531 0.018750
0 0.555078 0.644375 0.042969 0.023750
0 0.575000 0.631250 0.029687 0.012500
0 0.808594 0.664375 0.045312 0.021250
0 0.482422 0.615625 0.038281 0.023750
0 0.543359 0.722500 0.041406 0.020000
0 0.574219 0.695625 0.039062 0.021250
