0 0.257031 0.608125 0.039062 0.028750
0 0.233984 0.539375 0.039844 0.028750
0 0.116797 0.460000 0.033594 0.027500
0 0.752344 0.638750 0.040625 0.027500
0 0.251953 0.427500 0.046094 0.027500
1 0.423438 0.592500 0.035937 0.030000
0 0.626172 0.635000 0.035156 0.030000
0 0.419141 0.500000 0.038281 0.022500
0 0.461719 0.513125 0.037500 0.021250
0 0.723828 0.519375 0.030469 0.018750
0 0.609766 0.571250 0.038281 0.017500
0 0.565234 0.553125 0.035156 0.018750
0 0.514844 0.602500 0.032813 0.027500
0 0.545312 0.635625 0.034375 0.028750
0 0.694531 0.573750 0.032813 0.017500
0 0.654297 0.602500 0.030469 0.022500
0 0.628125 0.610625 0.037500 0.021250
0 0.799609 0.605625 0.036719 0.023750
1 0.112109 0.598750 0.030469 0.030000
0 0.154688 0.484375 0.045312 0.031250
0 0.016016 0.576250 0.027344 0.022500
0 0.146094 0.581250 0.039062 0.025000
0 0.225781 0.368125 0.045312 0.028750
0 0.257812 0.698125 0.039062 0.028750
0 0.281250 0.645625 0.048438 0.026250
0 0.341016 0.721250 0.042969 0.025000
0 0.358203 0.841875 0.041406 0.033750
0 0.664062 0.670000 0.032813 0.027500
0 0.539844 0.793125 0.018750 0.021250
0 0.225781 0.589375 0.035937 0.016250
0 0.289062 0.555000 0.032813 0.022500
0 0.281641 0.466875 0.036719 0.023750
0 0.701172 0.690625 0.019531 0.023750
0 0.706250 0.635625 0.028125 0.023750
0 0.604297 0.503125 0.030469 0.023750
0 0.491016 0.729375 0.035156 0.013750
