1 0.311719 0.680625 0.043750 0.026250
1 0.019922 0.867500 0.030469 0.020000
1 0.192969 0.754375 0.035937 0.021250
1 0.476562 0.625000 0.034375 0.017500
1 0.177734 0.321250 0.036719 0.020000
1 0.031250 0.391875 0.034375 0.021250
1 0.020703 0.441875 0.032031 0.023750
1 0.020703 0.341250 0.032031 0.017500
1 0.018750 0.324375 0.031250 0.018750
1 0.265234 0.426875 0.033594 0.026250
1 0.328906 0.553125 0.034375 0.023750
1 0.166406 0.491875 0.037500 0.023750
1 0.437891 0.647500 0.032031 0.017500
1 0.685547 0.543125 0.032031 0.018750
1 0.685937 0.568750 0.032813 0.020000
1 0.267969 0.491250 0.042188 0.030000
1 0.337109 0.404375 0.036719 0.031250
0 0.135156 0.472500 0.039062 0.035000
0 0.055859 0.583125 0.039844 0.033750
0 0.043750 0.510625 0.034375 0.026250
0 0.019141 0.534375 0.033594 0.058750
0 0.085156 0.353750 0.045312 0.037500
0 0.198437 0.368750 0.035937 0.040000
0 0.172266 0.450000 0.033594 0.035000
0 0.046484 0.265625 0.038281 0.051250
0 0.062500 0.436250 0.032813 0.037500
0 0.079297 0.398125 0.039844 0.058750
0 0.357422 0.578125 0.030469 0.038750
0 0.399609 0.567500 0.035156 0.040000
0 0.466406 0.476875 0.032813 0.033750
0 0.449219 0.400000 0.040625 0.037500
0 0.418359 0.434375 0.061719 0.063750
1 0.361719 0.485625 0.040625 0.026250
0 0.299609 0.503750 0.035156 0.032500
0 0.337500 0.527500 0.034375 0.035000
0 0.306250 0.456875 0.045312 0.053750
1 0.382422 0.300000 0.035156 0.025000
1 0.373828 0.356250 0.036719 0.027500
0 0.557813 0.583125 0.031250 0.036250
0 0.592578 0.565000 0.038281 0.042500
0 0.648828 0.540000 0.028906 0.037500
0 0.607812 0.518125 0.039062 0.046250
0 0.571875 0.500625 0.035937 0.046250
0 0.450781 0.551250 0.028125 0.040000
0 0.416406 0.494375 0.048438 0.026250
0 0.448828 0.511250 0.030469 0.045000
0 0.657031 0.502500 0.040625 0.037500
0 0.650781 0.468125 0.062500 0.038750
0 0.693750 0.507500 0.031250 0.045000
