1 0.744531 0.583750 0.032813 0.030000
0 0.668359 0.626250 0.032031 0.020000
0 0.515234 0.717500 0.028906 0.022500
0 0.538281 0.626875 0.045312 0.026250
0 0.457031 0.613750 0.039062 0.027500
0 0.405859 0.605625 0.041406 0.018750
0 0.414062 0.583125 0.039062 0.021250
0 0.360938 0.618750 0.035937 0.020000
0 0.257422 0.752500 0.041406 0.017500
0 0.150391 0.935625 0.035156 0.026250
0 0.069531 0.592500 0.039062 0.025000
0 0.025391 0.568750 0.035156 0.020000
0 0.030078 0.516875 0.038281 0.028750
0 0.176563 0.460000 0.039062 0.022500
0 0.043359 0.374375 0.038281 0.021250
0 0.237891 0.580625 0.047656 0.036250
0 0.579297 0.472500 0.036719 0.027500
0 0.267188 0.476875 0.035937 0.021250
0 0.028516 0.414375 0.042969 0.018750
0 0.691406 0.663125 0.029687 0.026250
0 0.526563 0.644375 0.037500 0.023750
0 0.783594 0.610000 0.040625 0.022500
0 0.746094 0.680625 0.039062 0.018750
0 0.600781 0.606250 0.034375 0.027500
0 0.312109 0.580625 0.038281 0.026250
0 0.490234 0.580000 0.032031 0.027500
0 0.530859 0.568750 0.030469 0.017500
0 0.613672 0.680625 0.038281 0.026250
0 0.664453 0.683125 0.027344 0.021250
0 0.808594 0.581875 0.037500 0.033750
0 0.057031 0.705000 0.037500 0.025000
0 0.015625 0.644375 0.029687 0.021250
0 0.011328 0.606250 0.021094 0.020000
0 0.125391 0.739375 0.038281 0.018750
0 0.609375 0.741250 0.018750 0.017500
0 0.460547 0.839375 0.016406 0.018750
0 0.351172 0.533125 0.041406 0.018750
0 0.404297 0.421250 0.036719 0.020000
0 0.097656 0.544375 0.035937 0.016250
