1 0.675391 0.658750 0.033594 0.022500
1 0.660547 0.563750 0.038281 0.030000
1 0.574609 0.581875 0.046094 0.026250
1 0.610938 0.431250 0.029687 0.027500
1 0.728906 0.606250 0.040625 0.030000
1 0.057813 0.640000 0.039062 0.022500
1 0.202734 0.613750 0.047656 0.017500
1 0.398438 0.557500 0.040625 0.022500
1 0.420312 0.532500 0.035937 0.020000
1 0.160938 0.697500 0.053125 0.020000
1 0.241016 0.752500 0.038281 0.020000
1 0.287500 0.690000 0.042188 0.030000
1 0.107031 0.536250 0.040625 0.025000
1 0.310156 0.533750 0.045312 0.025000
1 0.268359 0.466875 0.036719 0.023750
1 0.073438 0.474375 0.034375 0.023750
1 0.369141 0.580000 0.041406 0.027500
1 0.496875 0.434375 0.035937 0.028750
1 0.548828 0.420000 0.044531 0.027500
1 0.498437 0.713125 0.045312 0.021250
1 0.352344 0.632500 0.043750 0.027500
0 0.675000 0.468750 0.034375 0.040000
0 0.588281 0.543125 0.040625 0.051250
0 0.573047 0.505625 0.032031 0.038750
0 0.527734 0.467500 0.032031 0.040000
0 0.227344 0.439375 0.037500 0.038750
0 0.188281 0.540625 0.039062 0.043750
0 0.263672 0.577500 0.033594 0.062500
0 0.253906 0.644375 0.037500 0.023750
0 0.065234 0.407500 0.032031 0.037500
0 0.038672 0.430625 0.028906 0.043750
0 0.037109 0.472500 0.032031 0.042500
0 0.161328 0.486875 0.036719 0.041250
0 0.173437 0.450000 0.034375 0.037500
1 0.135547 0.340000 0.047656 0.032500
0 0.211719 0.381875 0.057813 0.053750
0 0.355469 0.488750 0.034375 0.057500
1 0.400000 0.508125 0.034375 0.033750
0 0.707812 0.496250 0.039062 0.042500
1 0.703516 0.524375 0.036719 0.021250
0 0.373437 0.448750 0.023438 0.055000
0 0.398438 0.466250 0.035937 0.045000
1 0.468750 0.473125 0.032813 0.026250
0 0.459766 0.509375 0.033594 0.046250
1 0.346094 0.403125 0.034375 0.028750
0 0.248047 0.488125 0.042969 0.036250
0 0.486719 0.557500 0.051562 0.062500
0 0.536719 0.570000 0.029687 0.035000
0 0.454688 0.428750 0.032813 0.040000
0 0.147656 0.371875 0.043750 0.033750
0 0.209375 0.578125 0.037500 0.036250
1 0.141406 0.506250 0.029687 0.027500
0 0.755078 0.591875 0.036719 0.033750
0 0.764453 0.530625 0.039844 0.071250
