1 0.303906 0.606250 0.029687 0.030000
1 0.061328 0.500625 0.030469 0.043750
0 0.767578 0.655000 0.028906 0.032500
0 0.838281 0.649375 0.034375 0.033750
0 0.824609 0.674375 0.028906 0.018750
0 0.267969 0.525000 0.029687 0.020000
0 0.340625 0.512500 0.029687 0.022500
0 0.500781 0.575625 0.042188 0.021250
0 0.521484 0.501250 0.041406 0.020000
0 0.725000 0.553125 0.042188 0.023750
1 0.656641 0.613750 0.036719 0.022500
0 0.496875 0.632500 0.037500 0.027500
0 0.393359 0.583750 0.038281 0.017500
0 0.228906 0.530625 0.035937 0.021250
0 0.142187 0.635625 0.050000 0.016250
0 0.034375 0.548125 0.046875 0.018750
0 0.041016 0.758125 0.057031 0.018750
0 0.317969 0.682500 0.062500 0.020000
0 0.233203 0.583750 0.028906 0.012500
0 0.214453 0.565000 0.036719 0.020000
0 0.068359 0.647500 0.053906 0.025000
0 0.453516 0.534375 0.042969 0.023750
0 0.517578 0.609375 0.052344 0.018750
0 0.533984 0.566875 0.041406 0.021250
0 0.346875 0.655625 0.054688 0.018750
0 0.373047 0.726250 0.057031 0.020000
0 0.507031 0.688750 0.031250 0.017500
0 0.621875 0.644375 0.053125 0.023750
0 0.816406 0.573125 0.035937 0.021250
0 0.558984 0.484375 0.036719 0.021250
0 0.235937 0.630625 0.048438 0.018750
0 0.792188 0.705000 0.037500 0.020000
0 0.044531 0.317500 0.034375 0.027500
0 0.360547 0.615000 0.044531 0.015000
0 0.405078 0.501875 0.038281 0.016250
0 0.258594 0.504375 0.043750 0.016250
0 0.608203 0.536250 0.041406 0.020000
