0 0.448828 0.433750 0.028906 0.017500
0 0.571094 0.577500 0.042188 0.015000
0 0.483203 0.585625 0.041406 0.016250
0 0.423047 0.607500 0.039844 0.022500
0 0.315625 0.596250 0.032813 0.025000
0 0.231641 0.565625 0.035156 0.021250
0 0.163281 0.515625 0.037500 0.018750
0 0.126953 0.554375 0.035156 0.016250
0 0.155078 0.535000 0.047656 0.015000
0 0.216016 0.598125 0.038281 0.016250
0 0.200781 0.605625 0.031250 0.016250
0 0.082031 0.567500 0.034375 0.027500
1 0.622656 0.551250 0.035937 0.035000
0 0.660156 0.561250 0.028125 0.027500
0 0.351953 0.567500 0.030469 0.020000
0 0.355078 0.620625 0.041406 0.028750
0 0.372656 0.656250 0.037500 0.015000
0 0.397656 0.705000 0.045312 0.015000
0 0.380859 0.756250 0.030469 0.020000
0 0.553125 0.713125 0.025000 0.016250
0 0.550781 0.679375 0.029687 0.018750
0 0.534375 0.658125 0.048438 0.016250
0 0.485547 0.625625 0.025781 0.013750
0 0.518750 0.606875 0.031250 0.021250
0 0.553906 0.623750 0.035937 0.015000
0 0.051953 0.769375 0.038281 0.018750
0 0.746484 0.585625 0.036719 0.018750
0 0.701953 0.588125 0.035156 0.021250
0 0.703906 0.624375 0.040625 0.013750
0 0.483594 0.545000 0.029687 0.022500
0 0.614844 0.621250 0.035937 0.015000
0 0.614844 0.641875 0.045312 0.018750
0 0.629687 0.662500 0.035937 0.015000
0 0.524609 0.783125 0.019531 0.018750
0 0.094141 0.446875 0.042969 0.026250
0 0.225781 0.353750 0.029687 0.017500
0 0.658594 0.541250 0.035937 0.015000
0 0.274609 0.776250 0.046094 0.017500
1 0.792578 0.666875 0.027344 0.033750
1 0.756250 0.646875 0.037500 0.041250
0 0.501953 0.511250 0.044531 0.017500
0 0.394141 0.883125 0.021094 0.021250
