0 0.392188 0.692500 0.043750 0.025000
0 0.385156 0.621250 0.045312 0.032500
0 0.382812 0.562500 0.042188 0.030000
0 0.403516 0.470000 0.042969 0.025000
1 0.554297 0.605625 0.038281 0.031250
0 0.476172 0.648125 0.046094 0.026250
0 0.662500 0.624375 0.040625 0.018750
0 0.740625 0.641875 0.040625 0.028750
0 0.672656 0.644375 0.037500 0.026250
0 0.217188 0.744375 0.039062 0.021250
0 0.187500 0.658750 0.057813 0.025000
0 0.500000 0.776875 0.040625 0.033750
0 0.416016 0.431875 0.047656 0.031250
0 0.321094 0.513125 0.045312 0.026250
0 0.242578 0.490625 0.033594 0.028750
0 0.283203 0.585000 0.041406 0.022500
1 0.220312 0.603750 0.035937 0.030000
0 0.130469 0.578750 0.040625 0.027500
0 0.114453 0.508125 0.046094 0.026250
0 0.157031 0.500625 0.037500 0.023750
0 0.117188 0.478125 0.050000 0.026250
0 0.098047 0.636250 0.060156 0.022500
0 0.768359 0.622500 0.036719 0.022500
0 0.829688 0.630000 0.035937 0.015000
0 0.826562 0.555625 0.025000 0.018750
0 0.588281 0.529375 0.046875 0.021250
0 0.704688 0.569375 0.040625 0.021250
0 0.589453 0.758750 0.017969 0.017500
0 0.660547 0.715625 0.042969 0.023750
0 0.109375 0.755625 0.034375 0.018750
0 0.423047 0.564375 0.033594 0.021250
0 0.468750 0.502500 0.043750 0.027500
0 0.285547 0.480625 0.033594 0.018750
0 0.028125 0.493750 0.042188 0.022500
0 0.594531 0.543750 0.031250 0.015000
