0 0.640234 0.521875 0.032031 0.021250
0 0.044141 0.362500 0.035156 0.020000
1 0.039844 0.440625 0.037500 0.026250
1 0.033594 0.586875 0.034375 0.026250
0 0.048047 0.675625 0.041406 0.016250
0 0.137500 0.747500 0.043750 0.022500
0 0.221484 0.560000 0.036719 0.022500
0 0.158203 0.486875 0.036719 0.016250
1 0.122266 0.610000 0.036719 0.052500
1 0.162891 0.578125 0.036719 0.028750
1 0.113281 0.568125 0.050000 0.036250
1 0.087109 0.516875 0.032031 0.053750
1 0.105469 0.487500 0.035937 0.030000
1 0.180469 0.543125 0.031250 0.041250
1 0.133984 0.525625 0.066406 0.046250
1 0.175000 0.440625 0.034375 0.036250
1 0.228906 0.463125 0.048438 0.028750
0 0.261328 0.316250 0.046094 0.020000
1 0.297656 0.482500 0.035937 0.030000
1 0.316406 0.658125 0.042188 0.026250
1 0.362500 0.539375 0.040625 0.063750
1 0.381250 0.613125 0.039062 0.043750
0 0.393359 0.576875 0.032031 0.018750
1 0.462109 0.588125 0.028906 0.028750
1 0.444922 0.508125 0.046094 0.051250
0 0.426172 0.421875 0.036719 0.018750
0 0.506250 0.479375 0.042188 0.016250
0 0.526172 0.550000 0.035156 0.017500
1 0.613672 0.600000 0.049219 0.045000
1 0.688672 0.528750 0.046094 0.047500
1 0.753906 0.566250 0.037500 0.055000
1 0.785547 0.537500 0.047656 0.042500
1 0.828125 0.563125 0.034375 0.028750
1 0.849609 0.535625 0.030469 0.031250
0 0.667578 0.505000 0.032031 0.015000
0 0.375391 0.443750 0.044531 0.020000
0 0.617969 0.569375 0.032813 0.016250
0 0.302734 0.512500 0.036719 0.020000
1 0.830859 0.600625 0.036719 0.043750
0 0.457031 0.553125 0.035937 0.018750
0 0.608594 0.538125 0.032813 0.021250
0 0.610156 0.475625 0.029687 0.021250
1 0.239844 0.505000 0.032813 0.030000
0 0.560156 0.539375 0.039062 0.023750
0 0.270703 0.778750 0.035156 0.020000
0 0.229297 0.761250 0.035156 0.022500
