0 0.294922 0.677500 0.044531 0.020000
0 0.261719 0.665625 0.040625 0.016250
0 0.469531 0.683750 0.045312 0.020000
0 0.430859 0.648750 0.030469 0.022500
0 0.452344 0.611875 0.034375 0.018750
0 0.482812 0.543125 0.037500 0.026250
0 0.769141 0.618750 0.038281 0.022500
0 0.593359 0.690625 0.038281 0.018750
0 0.609766 0.680625 0.032031 0.013750
0 0.585156 0.667500 0.040625 0.020000
0 0.705469 0.634375 0.037500 0.021250
0 0.629297 0.625625 0.050781 0.016250
0 0.710938 0.659375 0.034375 0.018750
0 0.677734 0.691250 0.038281 0.015000
0 0.821094 0.706250 0.043750 0.025000
0 0.537891 0.592500 0.042969 0.022500
0 0.355859 0.707500 0.044531 0.015000
0 0.392578 0.731250 0.036719 0.017500
0 0.288281 0.780625 0.037500 0.023750
0 0.186328 0.647500 0.039844 0.022500
0 0.168359 0.622500 0.046094 0.022500
0 0.040625 0.755000 0.043750 0.017500
0 0.494922 0.606250 0.044531 0.017500
0 0.511719 0.699375 0.034375 0.021250
0 0.522656 0.660000 0.037500 0.020000
0 0.186328 0.604375 0.047656 0.018750
0 0.183203 0.873750 0.033594 0.030000
1 0.610547 0.562500 0.047656 0.050000
1 0.345703 0.582500 0.036719 0.042500
1 0.280078 0.598750 0.041406 0.052500
1 0.153906 0.531250 0.035937 0.035000
1 0.535156 0.629375 0.026562 0.021250
0 0.573047 0.738125 0.050781 0.028750
0 0.221875 0.736250 0.040625 0.017500
1 0.685547 0.656250 0.036719 0.035000
0 0.466406 0.476875 0.048438 0.023750
0 0.620703 0.512500 0.022656 0.025000
