1 0.340625 0.678750 0.040625 0.022500
1 0.353516 0.759375 0.032031 0.023750
1 0.081641 0.662500 0.050781 0.015000
1 0.071484 0.630625 0.041406 0.018750
1 0.057813 0.575000 0.035937 0.020000
1 0.303125 0.614375 0.034375 0.021250
1 0.232813 0.651875 0.035937 0.016250
1 0.266016 0.619375 0.030469 0.018750
1 0.405078 0.628125 0.030469 0.018750
1 0.452734 0.626875 0.042969 0.013750
1 0.462109 0.642500 0.042969 0.017500
1 0.676562 0.640625 0.039062 0.023750
1 0.673828 0.671875 0.036719 0.018750
1 0.320312 0.341875 0.043750 0.023750
1 0.233984 0.329375 0.036719 0.026250
1 0.411719 0.382500 0.039062 0.025000
1 0.417578 0.439375 0.038281 0.028750
1 0.562109 0.496875 0.036719 0.026250
1 0.538672 0.596250 0.044531 0.027500
1 0.146094 0.465000 0.029687 0.017500
1 0.041406 0.438125 0.040625 0.021250
1 0.033203 0.598125 0.035156 0.016250
1 0.016406 0.610625 0.026562 0.018750
1 0.216406 0.434375 0.035937 0.021250
1 0.342969 0.416875 0.042188 0.033750
1 0.405469 0.341875 0.040625 0.023750
0 0.468750 0.603750 0.042188 0.032500
0 0.561328 0.541875 0.039844 0.046250
0 0.604688 0.505625 0.032813 0.033750
0 0.685547 0.486875 0.035156 0.036250
0 0.724609 0.509375 0.027344 0.036250
0 0.705859 0.528125 0.019531 0.028750
0 0.764453 0.498750 0.033594 0.032500
0 0.724609 0.545000 0.038281 0.030000
0 0.734375 0.580625 0.029687 0.033750
0 0.769141 0.599375 0.028906 0.036250
0 0.469141 0.395625 0.036719 0.046250
0 0.463672 0.456875 0.033594 0.036250
0 0.498828 0.483125 0.044531 0.048750
1 0.509766 0.421250 0.039844 0.030000
1 0.290625 0.554375 0.034375 0.026250
0 0.180859 0.526250 0.038281 0.035000
0 0.208984 0.481250 0.044531 0.042500
0 0.250781 0.425625 0.043750 0.041250
0 0.296094 0.420000 0.043750 0.037500
1 0.307422 0.373750 0.035156 0.027500
0 0.158203 0.421250 0.044531 0.045000
0 0.045703 0.284375 0.055469 0.048750
0 0.048828 0.338125 0.039844 0.051250
0 0.013281 0.378750 0.025000 0.042500
0 0.022266 0.411875 0.028906 0.036250
0 0.044531 0.493125 0.029687 0.026250
0 0.054688 0.545000 0.035937 0.037500
0 0.087891 0.516250 0.036719 0.042500
0 0.074219 0.415625 0.026562 0.038750
0 0.097656 0.403750 0.037500 0.037500
0 0.126562 0.546875 0.040625 0.048750
0 0.146875 0.505625 0.040625 0.056250
0 0.106641 0.479375 0.044531 0.056250
1 0.266406 0.481875 0.039062 0.031250
1 0.314844 0.509375 0.043750 0.031250
1 0.302734 0.475625 0.039844 0.031250
0 0.334375 0.576875 0.042188 0.043750
0 0.350781 0.548125 0.040625 0.046250
0 0.382031 0.458750 0.042188 0.045000
0 0.401562 0.551250 0.032813 0.047500
0 0.427734 0.521875 0.038281 0.041250
0 0.455859 0.565000 0.041406 0.050000
