0 0.084766 0.367500 0.038281 0.025000
0 0.040234 0.430000 0.039844 0.017500
0 0.033203 0.454375 0.042969 0.018750
0 0.100000 0.456875 0.032813 0.021250
0 0.148438 0.430625 0.032813 0.021250
0 0.187500 0.314375 0.037500 0.018750
0 0.132422 0.491250 0.036719 0.017500
0 0.099219 0.506250 0.039062 0.017500
1 0.018750 0.566250 0.029687 0.030000
0 0.055078 0.596875 0.033594 0.021250
0 0.016406 0.595625 0.031250 0.018750
1 0.080859 0.545000 0.035156 0.045000
1 0.111328 0.586250 0.039844 0.047500
0 0.184766 0.501875 0.030469 0.016250
0 0.175391 0.515625 0.033594 0.018750
0 0.251172 0.596875 0.041406 0.021250
1 0.257422 0.470625 0.041406 0.028750
1 0.236328 0.507500 0.046094 0.050000
1 0.289062 0.494375 0.037500 0.028750
0 0.291016 0.566250 0.032031 0.017500
0 0.322656 0.588750 0.031250 0.017500
0 0.325000 0.419375 0.037500 0.018750
0 0.376172 0.398125 0.032031 0.021250
0 0.453516 0.495000 0.035156 0.017500
0 0.573047 0.594375 0.030469 0.016250
0 0.531641 0.598125 0.036719 0.018750
0 0.566406 0.661875 0.035937 0.018750
0 0.375391 0.567500 0.035156 0.017500
1 0.421484 0.473125 0.032031 0.038750
0 0.413281 0.520625 0.035937 0.026250
1 0.375781 0.474375 0.035937 0.023750
1 0.339844 0.488750 0.032813 0.027500
1 0.367969 0.518125 0.050000 0.031250
1 0.332813 0.555000 0.043750 0.042500
1 0.515234 0.511250 0.030469 0.037500
0 0.554688 0.521250 0.032813 0.022500
0 0.478906 0.517500 0.032813 0.020000
1 0.578516 0.491875 0.036719 0.038750
0 0.593359 0.558750 0.030469 0.015000
1 0.618359 0.515625 0.042969 0.031250
1 0.624219 0.561250 0.031250 0.035000
1 0.651563 0.538125 0.026562 0.041250
1 0.671484 0.510000 0.039844 0.042500
1 0.696094 0.568750 0.023438 0.022500
1 0.691797 0.598750 0.042969 0.032500
1 0.751563 0.522500 0.039062 0.032500
1 0.740625 0.569375 0.040625 0.066250
1 0.820703 0.576250 0.021094 0.040000
1 0.791016 0.595000 0.046094 0.025000
1 0.821094 0.529375 0.029687 0.033750
0 0.523438 0.489375 0.028125 0.018750
0 0.709766 0.634375 0.036719 0.018750
0 0.651172 0.655625 0.038281 0.013750
0 0.223828 0.775000 0.038281 0.017500
0 0.385937 0.449375 0.032813 0.016250
