0 0.794141 0.635000 0.041406 0.022500
0 0.765234 0.675000 0.038281 0.022500
0 0.817578 0.595000 0.042969 0.020000
0 0.658984 0.701875 0.044531 0.023750
0 0.506250 0.732500 0.057813 0.025000
0 0.721094 0.685000 0.032813 0.020000
0 0.631250 0.578750 0.028125 0.025000
0 0.551953 0.667500 0.035156 0.020000
0 0.500391 0.644375 0.039844 0.021250
0 0.276953 0.656875 0.039844 0.023750
0 0.336328 0.738125 0.052344 0.018750
0 0.056250 0.721250 0.042188 0.020000
0 0.228516 0.621250 0.042969 0.020000
0 0.189453 0.652500 0.049219 0.020000
0 0.275781 0.579375 0.051562 0.026250
0 0.658984 0.616250 0.044531 0.022500
0 0.657031 0.671250 0.050000 0.032500
0 0.718359 0.626250 0.041406 0.022500
0 0.555469 0.695625 0.060937 0.018750
0 0.516406 0.755625 0.037500 0.018750
0 0.412500 0.530000 0.035937 0.020000
0 0.576562 0.728125 0.042188 0.016250
1 0.012891 0.785000 0.024219 0.035000
1 0.352344 0.558750 0.035937 0.045000
1 0.484766 0.612500 0.033594 0.037500
1 0.546875 0.626875 0.034375 0.041250
1 0.712891 0.636875 0.038281 0.048750
1 0.762891 0.583750 0.030469 0.055000
0 0.285938 0.485625 0.035937 0.018750
0 0.499219 0.705625 0.042188 0.018750
