0 0.492578 0.628750 0.032031 0.022500
0 0.456641 0.598125 0.032031 0.021250
0 0.370703 0.589375 0.041406 0.031250
0 0.194531 0.413125 0.039062 0.026250
0 0.151562 0.341875 0.040625 0.026250
0 0.067578 0.446875 0.032031 0.026250
0 0.177344 0.533750 0.037500 0.022500
1 0.068750 0.596875 0.029687 0.018750
0 0.199609 0.698750 0.038281 0.020000
0 0.423047 0.734375 0.044531 0.021250
0 0.694141 0.637500 0.038281 0.020000
0 0.578125 0.628750 0.037500 0.030000
0 0.567187 0.601875 0.042188 0.023750
0 0.746875 0.604375 0.032813 0.016250
0 0.299219 0.871250 0.035937 0.027500
0 0.517578 0.803750 0.019531 0.022500
0 0.796875 0.643125 0.032813 0.026250
0 0.683203 0.502500 0.025781 0.025000
0 0.610547 0.596250 0.035156 0.027500
0 0.535547 0.563750 0.041406 0.022500
0 0.622266 0.680625 0.028906 0.023750
0 0.646484 0.571250 0.030469 0.025000
0 0.654687 0.640625 0.037500 0.023750
0 0.164844 0.601875 0.043750 0.023750
0 0.095312 0.581250 0.039062 0.017500
0 0.084375 0.472500 0.035937 0.025000
0 0.346094 0.485625 0.039062 0.026250
0 0.407422 0.501875 0.038281 0.026250
0 0.169141 0.583125 0.044531 0.016250
0 0.231641 0.550000 0.032031 0.022500
0 0.212109 0.451250 0.039844 0.020000
0 0.674609 0.706875 0.022656 0.023750
0 0.787500 0.664375 0.043750 0.013750
0 0.546094 0.475625 0.031250 0.031250
0 0.277734 0.726875 0.038281 0.016250
