0 0.399609 0.526250 0.039844 0.017500
0 0.326562 0.591250 0.039062 0.017500
0 0.253906 0.637500 0.042188 0.020000
0 0.040625 0.951250 0.040625 0.025000
0 0.137891 0.478125 0.039844 0.026250
1 0.221094 0.755625 0.031250 0.038750
1 0.604688 0.589375 0.032813 0.038750
1 0.732422 0.630000 0.032031 0.032500
1 0.793750 0.685000 0.032813 0.037500
0 0.382031 0.691250 0.051562 0.017500
0 0.362109 0.716875 0.042969 0.018750
0 0.497656 0.690625 0.054688 0.018750
0 0.587891 0.745000 0.038281 0.025000
0 0.625000 0.654375 0.053125 0.016250
0 0.633984 0.611875 0.038281 0.018750
0 0.673047 0.567500 0.039844 0.027500
0 0.682031 0.715000 0.040625 0.025000
0 0.721484 0.598125 0.057031 0.021250
0 0.699609 0.620000 0.049219 0.022500
0 0.335938 0.665625 0.068750 0.021250
0 0.339844 0.630000 0.068750 0.017500
0 0.751563 0.673125 0.031250 0.023750
