1 0.064062 0.853750 0.032813 0.022500
1 0.255469 0.740625 0.042188 0.023750
1 0.384766 0.668750 0.039844 0.027500
1 0.026953 0.658750 0.027344 0.020000
1 0.068359 0.582500 0.039844 0.025000
1 0.082422 0.445625 0.036719 0.023750
1 0.324609 0.436875 0.035156 0.028750
1 0.398828 0.418125 0.033594 0.026250
1 0.226953 0.457500 0.030469 0.025000
1 0.239453 0.516250 0.035156 0.020000
1 0.306250 0.517500 0.040625 0.017500
1 0.017969 0.702500 0.034375 0.025000
1 0.244141 0.337500 0.033594 0.020000
1 0.033203 0.247500 0.033594 0.022500
1 0.085938 0.353125 0.037500 0.018750
1 0.039062 0.490000 0.031250 0.020000
0 0.035547 0.466250 0.044531 0.037500
0 0.028516 0.538125 0.035156 0.048750
0 0.073438 0.542500 0.035937 0.045000
0 0.093359 0.506875 0.038281 0.031250
0 0.195312 0.483125 0.045312 0.041250
0 0.111328 0.586250 0.035156 0.032500
0 0.140234 0.369375 0.044531 0.036250
0 0.130859 0.406875 0.047656 0.051250
0 0.120703 0.441250 0.038281 0.040000
1 0.032031 0.356875 0.037500 0.028750
0 0.252734 0.382500 0.035156 0.045000
0 0.105078 0.281250 0.038281 0.047500
0 0.504297 0.413750 0.033594 0.037500
0 0.467969 0.423125 0.051562 0.026250
0 0.471094 0.452500 0.054688 0.042500
0 0.513672 0.481875 0.028906 0.038750
1 0.466406 0.498125 0.051562 0.021250
0 0.499609 0.521250 0.036719 0.042500
0 0.504687 0.557500 0.032813 0.027500
0 0.389844 0.540625 0.032813 0.043750
0 0.352344 0.507500 0.034375 0.037500
0 0.417187 0.448750 0.029687 0.032500
0 0.357812 0.463125 0.037500 0.041250
1 0.735938 0.546250 0.026562 0.020000
0 0.608594 0.582500 0.025000 0.042500
1 0.433203 0.579375 0.061719 0.031250
1 0.571484 0.475625 0.036719 0.023750
0 0.639453 0.580625 0.036719 0.031250
0 0.652734 0.558750 0.028906 0.032500
0 0.655859 0.510000 0.038281 0.055000
0 0.620313 0.502500 0.029687 0.052500
1 0.435937 0.373125 0.035937 0.021250
1 0.435547 0.317500 0.039844 0.027500
