1 0.350000 0.631250 0.039062 0.025000
1 0.172266 0.702500 0.041406 0.017500
1 0.063672 0.783750 0.042969 0.020000
1 0.549609 0.636875 0.025781 0.018750
1 0.574219 0.585625 0.034375 0.021250
1 0.248438 0.626250 0.045312 0.015000
1 0.150391 0.411250 0.028906 0.027500
1 0.057031 0.433750 0.035937 0.030000
1 0.036328 0.478125 0.033594 0.021250
1 0.100781 0.481875 0.042188 0.018750
1 0.237500 0.481875 0.035937 0.023750
1 0.235547 0.401250 0.039844 0.027500
1 0.386719 0.542500 0.034375 0.022500
1 0.428906 0.520625 0.037500 0.026250
1 0.578125 0.542500 0.026562 0.022500
1 0.362891 0.671875 0.041406 0.016250
0 0.085156 0.335000 0.037500 0.030000
0 0.022266 0.451250 0.033594 0.035000
0 0.193750 0.443750 0.035937 0.047500
0 0.189844 0.495625 0.031250 0.041250
0 0.225781 0.516875 0.026562 0.033750
0 0.212891 0.542500 0.032031 0.030000
0 0.227344 0.575000 0.029687 0.035000
1 0.294141 0.567500 0.033594 0.025000
0 0.303125 0.486875 0.040625 0.031250
0 0.346484 0.496250 0.032031 0.052500
0 0.364844 0.465000 0.032813 0.035000
0 0.343359 0.378750 0.047656 0.037500
0 0.455859 0.433125 0.032031 0.036250
0 0.463672 0.490000 0.035156 0.052500
0 0.499609 0.511250 0.041406 0.035000
0 0.491406 0.550000 0.031250 0.035000
0 0.468750 0.563125 0.028125 0.033750
0 0.448047 0.577500 0.033594 0.035000
0 0.550781 0.502500 0.035937 0.037500
0 0.540625 0.535625 0.040625 0.026250
0 0.536328 0.450625 0.036719 0.036250
0 0.593359 0.502500 0.033594 0.035000
0 0.607812 0.465625 0.032813 0.051250
0 0.302344 0.415000 0.059375 0.065000
0 0.216797 0.377500 0.038281 0.035000
1 0.072266 0.510625 0.042969 0.023750
1 0.098047 0.443750 0.036719 0.025000
1 0.108984 0.391875 0.044531 0.028750
0 0.642188 0.573125 0.037500 0.028750
0 0.649609 0.550625 0.042969 0.031250
0 0.658984 0.462500 0.039844 0.040000
0 0.716016 0.565000 0.046094 0.075000
0 0.802734 0.583750 0.041406 0.040000
0 0.808984 0.544375 0.027344 0.041250
0 0.667578 0.590625 0.030469 0.026250
1 0.027734 0.406250 0.038281 0.022500
1 0.414453 0.604375 0.036719 0.018750
0 0.246875 0.424375 0.039062 0.023750
0 0.347266 0.550625 0.036719 0.041250
