1 0.535937 0.704375 0.029687 0.026250
0 0.047266 0.575625 0.042969 0.043750
1 0.058594 0.790625 0.037500 0.018750
1 0.407422 0.643125 0.042969 0.018750
1 0.589844 0.636250 0.039062 0.022500
1 0.134766 0.647500 0.041406 0.017500
1 0.074219 0.653750 0.039062 0.025000
1 0.115625 0.712500 0.039062 0.020000
1 0.467969 0.623750 0.035937 0.025000
1 0.505469 0.561250 0.032813 0.020000
1 0.516406 0.503750 0.042188 0.025000
1 0.449219 0.388125 0.034375 0.026250
1 0.165234 0.325625 0.038281 0.026250
1 0.160156 0.585625 0.032813 0.021250
1 0.174609 0.571875 0.033594 0.021250
1 0.204687 0.550000 0.037500 0.020000
1 0.108594 0.445000 0.035937 0.025000
1 0.233594 0.515000 0.035937 0.022500
1 0.165625 0.473750 0.034375 0.025000
0 0.040625 0.341875 0.060937 0.046250
0 0.059766 0.416250 0.042969 0.037500
0 0.037109 0.446875 0.036719 0.038750
0 0.100391 0.470000 0.038281 0.032500
0 0.115625 0.575625 0.048438 0.061250
0 0.016797 0.532500 0.028906 0.037500
0 0.225781 0.439375 0.048438 0.061250
0 0.242969 0.386875 0.034375 0.051250
0 0.263672 0.352500 0.055469 0.050000
0 0.419141 0.498750 0.041406 0.045000
0 0.416797 0.537500 0.042969 0.035000
0 0.301172 0.537500 0.049219 0.057500
0 0.333203 0.557500 0.027344 0.055000
0 0.359766 0.539375 0.050781 0.066250
0 0.369922 0.449375 0.036719 0.048750
1 0.326953 0.460000 0.041406 0.027500
1 0.379297 0.499375 0.027344 0.031250
0 0.516016 0.465000 0.049219 0.047500
0 0.578516 0.566875 0.050781 0.061250
0 0.576562 0.513125 0.045312 0.048750
0 0.692187 0.460000 0.032813 0.045000
0 0.635938 0.544375 0.039062 0.061250
0 0.680469 0.611875 0.037500 0.038750
0 0.723437 0.550000 0.035937 0.032500
0 0.708203 0.522500 0.033594 0.032500
0 0.663281 0.485625 0.035937 0.046250
0 0.778516 0.581875 0.039844 0.041250
0 0.183984 0.455000 0.033594 0.040000
0 0.524219 0.428750 0.043750 0.035000
0 0.250391 0.498750 0.036719 0.030000
1 0.267188 0.789375 0.045312 0.028750
1 0.619141 0.416875 0.047656 0.033750
1 0.155469 0.381250 0.042188 0.032500
1 0.500000 0.586875 0.029687 0.016250
1 0.463281 0.585625 0.040625 0.018750
