0 0.671875 0.623125 0.050000 0.018750
0 0.558203 0.586250 0.035156 0.017500
0 0.063672 0.583125 0.044531 0.023750
0 0.166016 0.668750 0.046094 0.022500
0 0.184766 0.644375 0.049219 0.033750
0 0.130859 0.765625 0.044531 0.023750
0 0.367969 0.375625 0.050000 0.028750
0 0.514062 0.498750 0.046875 0.030000
0 0.122266 0.443125 0.050781 0.021250
0 0.006641 0.413750 0.011719 0.027500
1 0.202344 0.607500 0.035937 0.032500
1 0.161719 0.610625 0.034375 0.033750
1 0.294922 0.524375 0.036719 0.043750
1 0.601953 0.611250 0.032031 0.037500
0 0.655859 0.591250 0.038281 0.025000
0 0.646094 0.612500 0.051562 0.025000
0 0.748437 0.605000 0.046875 0.022500
0 0.786328 0.590625 0.047656 0.018750
0 0.718359 0.625000 0.039844 0.025000
0 0.589453 0.717500 0.047656 0.022500
0 0.507422 0.702500 0.039844 0.017500
0 0.516016 0.671875 0.050781 0.021250
0 0.665625 0.645625 0.046875 0.016250
0 0.235156 0.581250 0.039062 0.017500
0 0.133203 0.546875 0.038281 0.018750
0 0.045312 0.642500 0.043750 0.020000
0 0.014063 0.735625 0.026562 0.018750
0 0.012891 0.696250 0.024219 0.020000
0 0.360547 0.564375 0.039844 0.021250
0 0.733203 0.570000 0.033594 0.017500
