1 0.412891 0.593750 0.047656 0.025000
1 0.509375 0.628750 0.037500 0.025000
1 0.462500 0.470625 0.039062 0.011250
1 0.400000 0.549375 0.040625 0.018750
1 0.290625 0.563125 0.032813 0.013750
1 0.380078 0.461875 0.033594 0.018750
1 0.655469 0.461250 0.031250 0.020000
1 0.653906 0.655625 0.029687 0.016250
1 0.199609 0.660000 0.047656 0.022500
1 0.112109 0.572500 0.046094 0.022500
1 0.610938 0.457500 0.032813 0.017500
1 0.476172 0.410000 0.042969 0.017500
1 0.489453 0.430000 0.047656 0.012500
1 0.385547 0.381875 0.038281 0.018750
1 0.346484 0.388750 0.036719 0.022500
1 0.578906 0.631250 0.037500 0.017500
1 0.712500 0.551875 0.032813 0.021250
1 0.585156 0.676250 0.018750 0.012500
1 0.106250 0.473750 0.028125 0.020000
1 0.239844 0.464375 0.034375 0.016250
1 0.075781 0.382500 0.042188 0.027500
1 0.167187 0.735625 0.043750 0.018750
0 0.654297 0.626875 0.041406 0.026250
0 0.605469 0.577500 0.059375 0.045000
0 0.594141 0.526250 0.039844 0.027500
0 0.596875 0.478125 0.034375 0.041250
0 0.551562 0.548125 0.029687 0.043750
0 0.517578 0.556875 0.039844 0.033750
0 0.440625 0.518125 0.043750 0.038750
0 0.433984 0.466250 0.036719 0.030000
0 0.387109 0.435000 0.039844 0.040000
0 0.336328 0.433125 0.042969 0.031250
0 0.312109 0.506875 0.055469 0.048750
0 0.355078 0.505625 0.041406 0.038750
0 0.351953 0.549375 0.027344 0.023750
0 0.306250 0.548125 0.043750 0.031250
0 0.216797 0.525000 0.041406 0.037500
0 0.255078 0.491250 0.036719 0.037500
0 0.194531 0.564375 0.045312 0.061250
0 0.164844 0.376875 0.034375 0.033750
0 0.154297 0.398750 0.036719 0.027500
0 0.116016 0.430625 0.035156 0.036250
0 0.083203 0.412500 0.038281 0.032500
1 0.066797 0.439375 0.039844 0.031250
0 0.676562 0.525625 0.034375 0.046250
0 0.786719 0.557500 0.029687 0.037500
0 0.700000 0.486250 0.029687 0.042500
1 0.558594 0.444375 0.035937 0.023750
0 0.270313 0.611875 0.037500 0.026250
0 0.059375 0.572500 0.042188 0.025000
0 0.088672 0.521250 0.046094 0.035000
0 0.082812 0.486875 0.042188 0.038750
0 0.148828 0.498125 0.033594 0.028750
0 0.178516 0.443125 0.052344 0.046250
0 0.256250 0.445625 0.043750 0.033750
1 0.292578 0.397500 0.032031 0.025000
0 0.181641 0.482500 0.046094 0.027500
0 0.144141 0.465000 0.036719 0.027500
0 0.035547 0.511250 0.033594 0.030000
0 0.022266 0.535000 0.033594 0.030000
1 0.028125 0.665625 0.028125 0.023750
0 0.766797 0.500000 0.038281 0.037500
1 0.491797 0.485625 0.047656 0.021250
0 0.554688 0.467500 0.039062 0.027500
0 0.305859 0.593750 0.036719 0.032500
