1 0.373828 0.672500 0.038281 0.020000
1 0.336328 0.615000 0.036719 0.017500
1 0.293750 0.616250 0.040625 0.012500
1 0.123047 0.660000 0.042969 0.020000
1 0.085547 0.574375 0.032031 0.021250
1 0.248828 0.437500 0.036719 0.025000
1 0.357812 0.350625 0.040625 0.023750
1 0.264453 0.335625 0.033594 0.018750
1 0.433203 0.625000 0.033594 0.022500
1 0.487891 0.624375 0.044531 0.016250
1 0.496875 0.638125 0.042188 0.018750
1 0.377344 0.752500 0.032813 0.025000
1 0.261719 0.648750 0.034375 0.020000
1 0.318359 0.556875 0.041406 0.031250
1 0.296875 0.486250 0.035937 0.027500
1 0.332422 0.481250 0.032031 0.022500
1 0.447656 0.392500 0.037500 0.025000
1 0.344141 0.513750 0.038281 0.027500
1 0.704688 0.633125 0.035937 0.021250
1 0.570703 0.596875 0.044531 0.026250
1 0.025391 0.706875 0.044531 0.018750
1 0.033203 0.583750 0.042969 0.020000
0 0.208984 0.528125 0.032031 0.038750
0 0.236328 0.484375 0.036719 0.038750
0 0.337109 0.382500 0.032031 0.030000
0 0.494141 0.398750 0.033594 0.042500
0 0.588672 0.546250 0.033594 0.045000
0 0.759766 0.580625 0.032031 0.033750
0 0.072266 0.294375 0.052344 0.046250
0 0.073828 0.346250 0.055469 0.052500
0 0.031250 0.381875 0.040625 0.043750
0 0.021875 0.439375 0.035937 0.036250
0 0.045312 0.413125 0.028125 0.041250
0 0.113281 0.418750 0.057813 0.047500
0 0.179297 0.425625 0.047656 0.046250
0 0.071484 0.488750 0.032031 0.035000
0 0.086719 0.548750 0.039062 0.037500
0 0.014844 0.538125 0.021875 0.023750
0 0.114062 0.518125 0.032813 0.038750
0 0.125000 0.473750 0.029687 0.050000
0 0.159375 0.551875 0.046875 0.043750
0 0.173437 0.506250 0.034375 0.050000
0 0.365234 0.576250 0.039844 0.047500
0 0.380469 0.551875 0.040625 0.043750
0 0.456250 0.530625 0.031250 0.041250
0 0.432812 0.551250 0.028125 0.047500
0 0.496094 0.603750 0.034375 0.035000
0 0.629297 0.510000 0.035156 0.042500
0 0.484766 0.460000 0.030469 0.042500
0 0.526172 0.490000 0.042969 0.052500
0 0.284375 0.433750 0.034375 0.047500
0 0.324609 0.425000 0.038281 0.040000
0 0.409766 0.464375 0.032031 0.041250
0 0.425781 0.496875 0.029687 0.036250
0 0.789062 0.501250 0.028125 0.040000
0 0.714453 0.493125 0.030469 0.036250
0 0.746875 0.511250 0.035937 0.040000
0 0.743359 0.540625 0.055469 0.041250
1 0.543359 0.429375 0.044531 0.038750
0 0.489453 0.568125 0.058594 0.038750
0 0.441797 0.353750 0.039844 0.030000
0 0.046484 0.609375 0.039844 0.021250
0 0.106250 0.630000 0.043750 0.020000
