0 0.119922 0.666875 0.044531 0.018750
0 0.128906 0.600625 0.037500 0.016250
0 0.201172 0.581875 0.044531 0.016250
0 0.129297 0.570625 0.047656 0.023750
0 0.454297 0.658125 0.039844 0.021250
0 0.417578 0.648125 0.042969 0.023750
0 0.384766 0.665625 0.044531 0.021250
0 0.076953 0.763125 0.042969 0.023750
0 0.198437 0.614375 0.045312 0.028750
0 0.075781 0.595000 0.048438 0.020000
0 0.045312 0.831875 0.034375 0.021250
0 0.086328 0.815000 0.047656 0.017500
0 0.410938 0.743750 0.039062 0.022500
0 0.382031 0.731875 0.039062 0.018750
0 0.244922 0.712500 0.042969 0.015000
0 0.244141 0.690000 0.042969 0.017500
0 0.210156 0.564375 0.039062 0.018750
0 0.244531 0.478750 0.035937 0.025000
0 0.318359 0.611875 0.042969 0.023750
0 0.395313 0.501875 0.043750 0.031250
0 0.488281 0.590625 0.042188 0.021250
0 0.375391 0.581875 0.049219 0.023750
0 0.606641 0.601250 0.041406 0.027500
0 0.636719 0.500625 0.045312 0.028750
0 0.735547 0.588125 0.039844 0.023750
0 0.470703 0.681250 0.053906 0.015000
0 0.103125 0.463750 0.039062 0.025000
0 0.514844 0.623125 0.050000 0.018750
0 0.520703 0.696250 0.042969 0.017500
1 0.026562 0.583750 0.035937 0.040000
1 0.101953 0.530625 0.032031 0.041250
1 0.423047 0.539375 0.032031 0.038750
1 0.394531 0.621875 0.037500 0.036250
1 0.310937 0.616250 0.034375 0.062500
1 0.764844 0.620625 0.029687 0.028750
0 0.819141 0.665000 0.025781 0.027500
0 0.148047 0.620625 0.033594 0.013750
0 0.680469 0.646875 0.050000 0.021250
0 0.065625 0.486875 0.042188 0.021250
0 0.166406 0.731250 0.025000 0.020000
