1 0.283984 0.606875 0.042969 0.038750
1 0.044141 0.499375 0.030469 0.051250
0 0.332422 0.610625 0.046094 0.021250
0 0.370703 0.580000 0.038281 0.020000
0 0.313281 0.506250 0.032813 0.025000
0 0.474609 0.571875 0.038281 0.023750
0 0.423047 0.529375 0.038281 0.023750
0 0.237500 0.518750 0.039062 0.017500
0 0.508203 0.568750 0.028906 0.015000
0 0.207031 0.580625 0.031250 0.018750
0 0.105078 0.636250 0.042969 0.017500
1 0.630078 0.612500 0.044531 0.025000
0 0.742188 0.645625 0.032813 0.028750
0 0.686719 0.545625 0.040625 0.018750
0 0.475000 0.690625 0.037500 0.018750
0 0.475000 0.630625 0.040625 0.028750
0 0.487891 0.610000 0.041406 0.017500
0 0.588281 0.644375 0.054688 0.023750
0 0.494141 0.495000 0.036719 0.020000
0 0.308594 0.655000 0.046875 0.022500
0 0.287109 0.682500 0.050781 0.025000
0 0.583594 0.696250 0.045312 0.012500
0 0.525781 0.473125 0.035937 0.026250
0 0.572656 0.530625 0.045312 0.021250
0 0.289453 0.529375 0.039844 0.018750
0 0.197656 0.627500 0.053125 0.025000
0 0.758203 0.706875 0.042969 0.016250
0 0.222656 0.494375 0.048438 0.021250
0 0.787109 0.572500 0.032031 0.020000
0 0.816016 0.648125 0.033594 0.021250
0 0.588281 0.738750 0.034375 0.030000
0 0.336328 0.730000 0.049219 0.022500
0 0.371094 0.496875 0.037500 0.016250
0 0.669141 0.560000 0.028906 0.015000
