1 0.838281 0.627500 0.028125 0.035000
1 0.720313 0.598750 0.042188 0.052500
1 0.320312 0.739375 0.032813 0.033750
1 0.012891 0.692500 0.024219 0.045000
0 0.018359 0.561250 0.035156 0.020000
0 0.014844 0.490625 0.028125 0.016250
0 0.443359 0.643750 0.044531 0.017500
0 0.310156 0.523125 0.042188 0.018750
0 0.490625 0.610000 0.045312 0.015000
0 0.203516 0.895000 0.038281 0.020000
0 0.545703 0.698125 0.049219 0.018750
0 0.572656 0.670000 0.051562 0.020000
0 0.580469 0.560000 0.042188 0.020000
0 0.828125 0.700000 0.043750 0.020000
0 0.816016 0.655625 0.058594 0.023750
0 0.816406 0.601875 0.040625 0.016250
0 0.827734 0.588750 0.042969 0.017500
0 0.691406 0.672500 0.054688 0.020000
0 0.145703 0.760000 0.055469 0.020000
0 0.746875 0.636875 0.053125 0.023750
0 0.086719 0.674375 0.040625 0.016250
0 0.208984 0.655000 0.050781 0.017500
