1 0.393359 0.720000 0.039844 0.015000
1 0.430469 0.675625 0.031250 0.018750
1 0.316016 0.661875 0.036719 0.018750
1 0.220703 0.634375 0.047656 0.021250
1 0.123828 0.576250 0.039844 0.025000
1 0.142187 0.533750 0.040625 0.022500
1 0.256250 0.496250 0.042188 0.020000
1 0.472656 0.551250 0.032813 0.022500
1 0.214844 0.398750 0.042188 0.020000
1 0.325000 0.440625 0.042188 0.023750
1 0.414453 0.390000 0.036719 0.027500
1 0.455859 0.516250 0.047656 0.025000
1 0.350391 0.516875 0.042969 0.021250
1 0.289453 0.376875 0.036719 0.026250
1 0.137891 0.331250 0.041406 0.015000
1 0.088281 0.351875 0.035937 0.026250
1 0.206250 0.531250 0.043750 0.022500
0 0.247656 0.398750 0.015625 0.015000
0 0.301172 0.402500 0.046094 0.025000
0 0.355078 0.416875 0.042969 0.048750
0 0.152734 0.482500 0.030469 0.037500
0 0.196484 0.433125 0.035156 0.028750
0 0.145313 0.393750 0.029687 0.027500
0 0.103125 0.395625 0.031250 0.026250
0 0.055078 0.466875 0.033594 0.031250
0 0.066016 0.524375 0.041406 0.036250
0 0.090625 0.486875 0.039062 0.048750
1 0.255859 0.543125 0.044531 0.023750
0 0.182422 0.465625 0.024219 0.033750
1 0.055078 0.342500 0.033594 0.027500
1 0.394922 0.640000 0.036719 0.022500
0 0.387891 0.580000 0.032031 0.047500
0 0.344531 0.580000 0.040625 0.035000
0 0.328906 0.553750 0.042188 0.022500
0 0.298828 0.514375 0.035156 0.038750
0 0.307812 0.477500 0.037500 0.027500
1 0.275391 0.465625 0.039844 0.026250
1 0.363281 0.461250 0.031250 0.035000
1 0.373437 0.505000 0.021875 0.032500
1 0.397266 0.496250 0.028906 0.035000
1 0.153125 0.356250 0.043750 0.015000
0 0.016797 0.419375 0.030469 0.041250
1 0.212109 0.460625 0.041406 0.021250
0 0.492188 0.464375 0.032813 0.048750
0 0.518750 0.476250 0.029687 0.037500
0 0.564063 0.453750 0.021875 0.030000
0 0.587500 0.459375 0.020313 0.031250
0 0.661719 0.486250 0.035937 0.040000
0 0.703125 0.512500 0.023438 0.030000
0 0.725391 0.550000 0.036719 0.042500
0 0.791797 0.494375 0.025781 0.031250
1 0.788672 0.568125 0.027344 0.021250
1 0.685547 0.650625 0.049219 0.023750
1 0.784375 0.620625 0.034375 0.021250
1 0.506250 0.677500 0.043750 0.020000
1 0.546484 0.541875 0.032031 0.023750
0 0.617578 0.571250 0.057031 0.057500
0 0.667969 0.573125 0.045312 0.046250
0 0.732031 0.476250 0.032813 0.040000
0 0.527734 0.515000 0.044531 0.025000
0 0.508594 0.437500 0.028125 0.042500
0 0.833594 0.514375 0.031250 0.043750
