0 0.014453 0.797500 0.027344 0.022500
0 0.012109 0.703125 0.022656 0.018750
0 0.189062 0.678750 0.029687 0.020000
0 0.152734 0.613750 0.036719 0.017500
0 0.119922 0.490000 0.030469 0.015000
0 0.191797 0.272500 0.030469 0.015000
0 0.386719 0.396875 0.031250 0.018750
0 0.290234 0.637500 0.028906 0.015000
0 0.262500 0.595625 0.029687 0.018750
0 0.433203 0.600000 0.030469 0.020000
0 0.389453 0.643125 0.033594 0.023750
0 0.529687 0.656250 0.037500 0.020000
0 0.588281 0.551250 0.037500 0.020000
0 0.258984 0.354375 0.041406 0.021250
0 0.387500 0.442500 0.034375 0.017500
1 0.044531 0.561250 0.056250 0.032500
1 0.095312 0.517500 0.045312 0.040000
1 0.053906 0.455625 0.031250 0.036250
1 0.059766 0.420000 0.046094 0.032500
1 0.116797 0.396250 0.030469 0.032500
1 0.195703 0.401250 0.028906 0.032500
1 0.221484 0.440000 0.046094 0.047500
1 0.276953 0.428125 0.041406 0.026250
1 0.183203 0.481875 0.044531 0.056250
1 0.179297 0.555000 0.032031 0.027500
1 0.200391 0.581875 0.036719 0.026250
1 0.232813 0.598125 0.035937 0.028750
1 0.230078 0.520625 0.041406 0.046250
1 0.293359 0.500625 0.030469 0.036250
1 0.273828 0.511875 0.027344 0.023750
1 0.329688 0.560625 0.028125 0.023750
1 0.327734 0.527500 0.030469 0.027500
1 0.369141 0.551250 0.041406 0.027500
1 0.369531 0.518125 0.039062 0.028750
1 0.447656 0.482500 0.043750 0.025000
1 0.434766 0.508750 0.028906 0.027500
1 0.428906 0.556250 0.037500 0.055000
1 0.548438 0.463750 0.050000 0.035000
1 0.485547 0.545625 0.030469 0.033750
1 0.539844 0.575000 0.051562 0.055000
1 0.518750 0.510000 0.092188 0.045000
1 0.598047 0.483125 0.036719 0.023750
1 0.654297 0.581875 0.038281 0.018750
1 0.732812 0.490000 0.034375 0.035000
1 0.767969 0.513125 0.032813 0.036250
1 0.667969 0.510625 0.040625 0.056250
1 0.630859 0.544375 0.033594 0.048750
1 0.791406 0.596250 0.046875 0.037500
0 0.803906 0.535000 0.042188 0.025000
