1 0.180859 0.480625 0.046094 0.023750
0 0.386719 0.427500 0.039062 0.025000
1 0.022266 0.931250 0.032031 0.030000
1 0.053516 0.521875 0.049219 0.036250
1 0.053125 0.566250 0.048438 0.032500
1 0.085547 0.565000 0.032031 0.037500
1 0.166016 0.579375 0.036719 0.038750
1 0.249609 0.395625 0.042969 0.041250
1 0.250781 0.486250 0.045312 0.035000
1 0.346094 0.686250 0.032813 0.022500
1 0.286328 0.485000 0.035156 0.032500
1 0.291016 0.505625 0.053906 0.026250
1 0.316016 0.540625 0.027344 0.048750
1 0.333594 0.483125 0.039062 0.031250
1 0.373437 0.510625 0.037500 0.031250
1 0.380469 0.545625 0.054688 0.028750
1 0.366797 0.573750 0.042969 0.037500
1 0.449609 0.528125 0.038281 0.038750
1 0.471875 0.493125 0.045312 0.043750
1 0.457813 0.630000 0.035937 0.022500
1 0.488672 0.603125 0.041406 0.031250
1 0.521875 0.528750 0.031250 0.050000
1 0.489063 0.545625 0.029687 0.026250
1 0.506250 0.576250 0.034375 0.032500
1 0.612891 0.588125 0.036719 0.071250
1 0.647656 0.567500 0.032813 0.030000
1 0.676562 0.553750 0.029687 0.037500
1 0.749609 0.529375 0.060156 0.031250
1 0.742188 0.596250 0.045312 0.037500
1 0.787500 0.589375 0.043750 0.038750
1 0.768359 0.551250 0.064844 0.030000
1 0.827344 0.618125 0.039062 0.043750
1 0.856250 0.575000 0.029687 0.045000
1 0.232813 0.563750 0.042188 0.022500
0 0.033203 0.291875 0.039844 0.021250
0 0.017578 0.363750 0.033594 0.020000
0 0.141016 0.289375 0.041406 0.021250
0 0.213672 0.611250 0.039844 0.015000
0 0.207422 0.538125 0.042969 0.018750
0 0.141406 0.788125 0.039062 0.021250
0 0.128125 0.736875 0.037500 0.016250
0 0.470703 0.396250 0.039844 0.020000
0 0.503906 0.477500 0.040625 0.022500
0 0.537500 0.433125 0.028125 0.021250
0 0.182422 0.432500 0.041406 0.015000
1 0.292187 0.526875 0.037500 0.026250
1 0.367188 0.614375 0.039062 0.036250
0 0.563672 0.444375 0.032031 0.021250
0 0.716797 0.644375 0.044531 0.018750
0 0.155859 0.346250 0.041406 0.022500
0 0.698047 0.590625 0.038281 0.018750
0 0.694531 0.665625 0.037500 0.018750
0 0.050391 0.481875 0.041406 0.016250
