1 0.223047 0.637500 0.035156 0.025000
1 0.461328 0.606875 0.036719 0.023750
1 0.219922 0.694375 0.046094 0.021250
1 0.314453 0.683125 0.042969 0.023750
1 0.030469 0.724375 0.037500 0.021250
1 0.095312 0.638750 0.035937 0.025000
1 0.050391 0.516250 0.047656 0.022500
1 0.035156 0.398125 0.034375 0.031250
1 0.089063 0.350625 0.042188 0.031250
1 0.115625 0.480000 0.035937 0.022500
1 0.284766 0.540000 0.030469 0.025000
1 0.306641 0.511250 0.041406 0.027500
1 0.231250 0.592500 0.039062 0.017500
1 0.471875 0.660625 0.023438 0.021250
1 0.469922 0.538750 0.035156 0.025000
1 0.093359 0.381250 0.047656 0.035000
0 0.069141 0.448125 0.035156 0.031250
0 0.078906 0.488750 0.034375 0.040000
0 0.114844 0.512500 0.037500 0.037500
0 0.097656 0.546875 0.037500 0.031250
0 0.098047 0.571250 0.049219 0.032500
0 0.387891 0.550625 0.030469 0.028750
0 0.344141 0.576875 0.033594 0.036250
0 0.356250 0.561250 0.032813 0.035000
0 0.429297 0.528125 0.038281 0.028750
0 0.359766 0.481250 0.032031 0.045000
0 0.388672 0.503750 0.046094 0.030000
0 0.437109 0.496250 0.027344 0.040000
0 0.425391 0.427500 0.033594 0.060000
0 0.194141 0.481875 0.042969 0.031250
0 0.243359 0.486875 0.049219 0.051250
0 0.259766 0.452500 0.033594 0.032500
0 0.233984 0.355625 0.028906 0.043750
1 0.131641 0.401875 0.038281 0.028750
0 0.194922 0.393125 0.067969 0.073750
0 0.193750 0.561875 0.032813 0.028750
0 0.242188 0.551250 0.032813 0.040000
0 0.207031 0.535625 0.034375 0.031250
0 0.522656 0.560625 0.042188 0.046250
0 0.538281 0.528125 0.032813 0.036250
0 0.562500 0.583125 0.028125 0.038750
0 0.586719 0.561250 0.032813 0.037500
0 0.565234 0.516875 0.032031 0.038750
0 0.485156 0.495000 0.031250 0.040000
0 0.477344 0.446250 0.059375 0.055000
0 0.527734 0.478750 0.028906 0.042500
0 0.553906 0.441250 0.043750 0.045000
0 0.610156 0.544375 0.040625 0.073750
0 0.659766 0.470000 0.030469 0.045000
0 0.703906 0.571250 0.040625 0.045000
0 0.719531 0.526875 0.039062 0.048750
0 0.763281 0.571875 0.032813 0.038750
0 0.804297 0.581875 0.036719 0.061250
1 0.116797 0.683125 0.046094 0.018750
0 0.701172 0.469375 0.039844 0.041250
1 0.323828 0.433125 0.039844 0.036250
