0 0.632422 0.709375 0.058594 0.031250
0 0.787109 0.605000 0.049219 0.025000
0 0.704297 0.623750 0.044531 0.017500
0 0.582031 0.588125 0.032813 0.011250
0 0.586719 0.580625 0.037500 0.011250
0 0.546094 0.507500 0.035937 0.017500
0 0.393750 0.391875 0.035937 0.018750
0 0.151953 0.450625 0.039844 0.016250
0 0.096094 0.585000 0.040625 0.017500
0 0.162500 0.550000 0.037500 0.017500
0 0.023828 0.422500 0.041406 0.025000
0 0.037109 0.693750 0.035156 0.017500
0 0.025781 0.733750 0.042188 0.020000
0 0.162500 0.764375 0.045312 0.018750
0 0.198828 0.750000 0.038281 0.020000
0 0.219531 0.648125 0.048438 0.016250
0 0.212109 0.670625 0.053906 0.021250
1 0.619922 0.615625 0.030469 0.028750
1 0.221484 0.605625 0.038281 0.033750
1 0.181250 0.606250 0.029687 0.032500
1 0.310156 0.526250 0.042188 0.037500
0 0.680859 0.596250 0.042969 0.027500
0 0.671875 0.619375 0.054688 0.021250
0 0.259766 0.582500 0.039844 0.015000
0 0.701562 0.646875 0.050000 0.013750
0 0.754687 0.632500 0.039062 0.020000
0 0.553516 0.668125 0.041406 0.018750
0 0.541797 0.701875 0.042969 0.016250
0 0.443750 0.550000 0.051562 0.027500
0 0.087891 0.641250 0.047656 0.017500
0 0.403516 0.568750 0.036719 0.022500
