1 0.060937 0.624375 0.034375 0.031250
1 0.081250 0.440625 0.035937 0.043750
1 0.084375 0.501250 0.034375 0.022500
1 0.012109 0.491250 0.022656 0.052500
1 0.035547 0.534375 0.038281 0.038750
0 0.019922 0.578125 0.038281 0.016250
0 0.017188 0.734375 0.032813 0.021250
1 0.139453 0.571250 0.030469 0.027500
1 0.258594 0.586875 0.046875 0.038750
0 0.168750 0.593125 0.032813 0.023750
0 0.208594 0.605000 0.034375 0.025000
1 0.228906 0.558125 0.039062 0.043750
0 0.202734 0.466875 0.036719 0.016250
0 0.241016 0.479375 0.033594 0.016250
0 0.244922 0.410625 0.046094 0.021250
0 0.290625 0.456250 0.028125 0.015000
0 0.218359 0.246875 0.033594 0.021250
0 0.351172 0.364375 0.030469 0.021250
0 0.267188 0.528125 0.039062 0.021250
1 0.363281 0.510000 0.045312 0.040000
1 0.408203 0.500000 0.046094 0.045000
0 0.418750 0.601250 0.040625 0.020000
1 0.448828 0.564375 0.044531 0.031250
0 0.393750 0.744375 0.040625 0.018750
0 0.328516 0.512500 0.036719 0.015000
0 0.328125 0.532500 0.034375 0.020000
0 0.297266 0.520625 0.036719 0.018750
0 0.492578 0.432500 0.033594 0.020000
1 0.470313 0.512500 0.034375 0.042500
1 0.500391 0.551250 0.038281 0.052500
1 0.548047 0.493750 0.030469 0.040000
0 0.740234 0.646875 0.038281 0.016250
0 0.708203 0.603125 0.046094 0.021250
0 0.685937 0.541250 0.032813 0.020000
1 0.626953 0.525625 0.041406 0.041250
1 0.687109 0.507500 0.028906 0.040000
1 0.751563 0.571250 0.034375 0.035000
0 0.791016 0.598125 0.036719 0.021250
1 0.784375 0.541875 0.056250 0.041250
0 0.561719 0.563125 0.035937 0.016250
0 0.156641 0.493125 0.044531 0.016250
0 0.131641 0.514375 0.044531 0.016250
0 0.101172 0.541875 0.041406 0.018750
0 0.560937 0.526875 0.039062 0.021250
1 0.840234 0.565000 0.055469 0.035000
1 0.508203 0.494375 0.036719 0.028750
0 0.495312 0.450625 0.032813 0.018750
