1 0.266797 0.633750 0.035156 0.025000
1 0.337891 0.708125 0.027344 0.023750
1 0.337500 0.595625 0.037500 0.021250
1 0.255469 0.559375 0.039062 0.021250
1 0.272266 0.525625 0.036719 0.026250
1 0.429297 0.590000 0.027344 0.022500
1 0.485156 0.555000 0.035937 0.025000
1 0.573438 0.531875 0.034375 0.023750
1 0.106641 0.613125 0.035156 0.021250
1 0.105078 0.533750 0.036719 0.025000
1 0.037500 0.534375 0.039062 0.018750
1 0.080469 0.487500 0.037500 0.025000
1 0.167578 0.461875 0.038281 0.026250
1 0.188672 0.402500 0.039844 0.030000
1 0.246484 0.352500 0.039844 0.032500
1 0.303125 0.586250 0.031250 0.020000
0 0.014063 0.474375 0.026562 0.021250
0 0.012891 0.550625 0.024219 0.028750
0 0.040625 0.314375 0.035937 0.041250
0 0.033984 0.361875 0.039844 0.053750
0 0.043359 0.463125 0.032031 0.036250
0 0.079687 0.446875 0.043750 0.058750
1 0.130859 0.404375 0.035156 0.026250
0 0.146875 0.576250 0.042188 0.035000
0 0.152734 0.544375 0.035156 0.038750
0 0.193750 0.543750 0.035937 0.040000
0 0.224609 0.520625 0.036719 0.038750
0 0.203906 0.486875 0.059375 0.038750
1 0.201563 0.386250 0.023438 0.027500
0 0.242188 0.390625 0.043750 0.041250
0 0.286328 0.445625 0.058594 0.031250
0 0.273438 0.415000 0.037500 0.042500
0 0.344922 0.405000 0.053906 0.040000
1 0.405859 0.396250 0.033594 0.027500
1 0.419141 0.423750 0.039844 0.025000
0 0.416797 0.472500 0.039844 0.050000
0 0.323437 0.547500 0.045312 0.032500
0 0.297266 0.486250 0.030469 0.040000
0 0.320312 0.506250 0.034375 0.035000
0 0.380469 0.510000 0.029687 0.042500
0 0.369531 0.572500 0.062500 0.035000
0 0.405859 0.545000 0.028906 0.040000
0 0.438672 0.529375 0.046094 0.056250
0 0.534375 0.553125 0.031250 0.051250
0 0.484766 0.514375 0.038281 0.033750
0 0.525781 0.496875 0.035937 0.043750
0 0.457031 0.449375 0.029687 0.041250
0 0.454297 0.410000 0.033594 0.032500
0 0.485547 0.422500 0.036719 0.040000
0 0.582031 0.433125 0.040625 0.046250
0 0.577344 0.481875 0.031250 0.038750
0 0.617969 0.560625 0.029687 0.041250
0 0.650781 0.573750 0.045312 0.062500
0 0.637891 0.489375 0.047656 0.051250
1 0.183984 0.328750 0.035156 0.027500
1 0.210938 0.266875 0.035937 0.028750
0 0.167578 0.375000 0.030469 0.037500
1 0.272656 0.308125 0.034375 0.028750
1 0.593750 0.395000 0.042188 0.035000
1 0.517188 0.446875 0.037500 0.021250
0 0.707422 0.462500 0.033594 0.047500
0 0.706250 0.556875 0.037500 0.046250
1 0.025000 0.609375 0.026562 0.018750
0 0.060547 0.550625 0.028906 0.038750
1 0.098828 0.714375 0.032031 0.023750
