1 0.023828 0.745625 0.036719 0.028750
1 0.013672 0.534375 0.025781 0.078750
1 0.050391 0.628125 0.035156 0.031250
1 0.055469 0.476875 0.039062 0.028750
1 0.064062 0.537500 0.048438 0.022500
1 0.080469 0.511250 0.028125 0.025000
1 0.113672 0.404375 0.030469 0.026250
0 0.088672 0.418750 0.033594 0.017500
1 0.123047 0.606875 0.038281 0.026250
1 0.132812 0.555000 0.032813 0.035000
1 0.172656 0.510000 0.059375 0.032500
1 0.173047 0.467500 0.038281 0.022500
1 0.123438 0.461875 0.046875 0.058750
1 0.248047 0.556250 0.028906 0.037500
1 0.273047 0.573125 0.028906 0.036250
0 0.212500 0.568750 0.035937 0.017500
1 0.323828 0.501250 0.035156 0.030000
1 0.317578 0.579375 0.035156 0.023750
1 0.358203 0.522500 0.033594 0.040000
1 0.442578 0.484375 0.038281 0.033750
1 0.413672 0.592500 0.067969 0.045000
1 0.427344 0.515000 0.054688 0.045000
1 0.417187 0.544375 0.067187 0.053750
1 0.477344 0.582500 0.043750 0.037500
1 0.589844 0.510000 0.031250 0.032500
1 0.638281 0.568125 0.035937 0.036250
1 0.668359 0.553750 0.036719 0.037500
1 0.648828 0.653750 0.038281 0.030000
1 0.646875 0.614375 0.032813 0.036250
1 0.729297 0.596875 0.027344 0.026250
1 0.721875 0.536875 0.031250 0.031250
1 0.751172 0.558125 0.041406 0.053750
0 0.688672 0.582500 0.030469 0.017500
0 0.502734 0.510625 0.036719 0.013750
0 0.196484 0.834375 0.050781 0.016250
0 0.080078 0.296250 0.050781 0.027500
1 0.543750 0.516250 0.043750 0.030000
1 0.526953 0.540625 0.035156 0.026250
0 0.389453 0.648125 0.036719 0.018750
0 0.554688 0.673750 0.043750 0.012500
0 0.267578 0.606250 0.039844 0.015000
0 0.544141 0.450000 0.049219 0.025000
0 0.341406 0.457500 0.043750 0.020000
0 0.309766 0.654375 0.039844 0.013750
0 0.416016 0.478750 0.035156 0.020000
0 0.173437 0.680000 0.050000 0.020000
0 0.346094 0.710000 0.053125 0.015000
