0 0.292969 0.618750 0.034375 0.020000
0 0.251953 0.650000 0.047656 0.017500
0 0.348438 0.657500 0.037500 0.020000
0 0.126953 0.718750 0.046094 0.022500
0 0.038281 0.757500 0.042188 0.022500
0 0.024609 0.726875 0.047656 0.018750
0 0.043750 0.576250 0.034375 0.020000
0 0.384766 0.731250 0.038281 0.025000
0 0.558594 0.647500 0.040625 0.022500
0 0.610547 0.671250 0.047656 0.020000
0 0.536719 0.731875 0.028125 0.018750
0 0.616016 0.733750 0.025781 0.015000
0 0.579688 0.728125 0.040625 0.016250
0 0.714844 0.700000 0.046875 0.025000
0 0.725781 0.670000 0.051562 0.017500
0 0.821875 0.680625 0.037500 0.021250
0 0.773438 0.627500 0.034375 0.022500
0 0.678906 0.587500 0.032813 0.020000
0 0.720313 0.616875 0.042188 0.023750
0 0.351172 0.497500 0.041406 0.027500
0 0.470313 0.565000 0.040625 0.020000
0 0.486719 0.609375 0.046875 0.018750
0 0.776563 0.690000 0.035937 0.017500
1 0.039453 0.780625 0.039844 0.036250
1 0.388672 0.556250 0.036719 0.035000
1 0.523438 0.613125 0.042188 0.023750
1 0.586719 0.633750 0.032813 0.045000
1 0.789062 0.582500 0.032813 0.057500
1 0.748828 0.641250 0.036719 0.040000
0 0.094531 0.479375 0.043750 0.023750
0 0.588672 0.700625 0.042969 0.018750
