0 0.395313 0.384375 0.040625 0.028750
0 0.269141 0.371875 0.041406 0.021250
0 0.351172 0.362500 0.044531 0.027500
0 0.189453 0.400000 0.042969 0.020000
1 0.301172 0.593125 0.046094 0.048750
1 0.391797 0.435625 0.044531 0.046250
0 0.341406 0.740625 0.040625 0.021250
1 0.104688 0.320625 0.035937 0.031250
1 0.067969 0.388750 0.042188 0.040000
1 0.135937 0.640625 0.045312 0.041250
1 0.215234 0.547500 0.050781 0.027500
1 0.240234 0.574375 0.049219 0.036250
1 0.193359 0.573750 0.035156 0.045000
1 0.337500 0.508750 0.042188 0.040000
0 0.143359 0.568125 0.038281 0.023750
1 0.407813 0.505625 0.045312 0.041250
1 0.506641 0.560000 0.041406 0.030000
1 0.021484 0.620000 0.035156 0.047500
1 0.458203 0.555625 0.038281 0.048750
1 0.458594 0.528125 0.043750 0.028750
0 0.526172 0.507500 0.044531 0.020000
1 0.515625 0.600625 0.039062 0.048750
1 0.599219 0.560000 0.034375 0.047500
1 0.632422 0.525000 0.038281 0.037500
1 0.680469 0.552500 0.037500 0.045000
1 0.648828 0.593750 0.033594 0.032500
1 0.493359 0.660625 0.035156 0.026250
1 0.819922 0.566250 0.027344 0.030000
1 0.781641 0.598750 0.049219 0.035000
0 0.055078 0.465000 0.041406 0.017500
0 0.098047 0.420000 0.036719 0.020000
0 0.772656 0.508750 0.045312 0.025000
0 0.688281 0.508125 0.037500 0.023750
0 0.250781 0.498750 0.040625 0.017500
0 0.159766 0.520000 0.046094 0.017500
0 0.136719 0.495000 0.040625 0.025000
0 0.700000 0.470625 0.042188 0.023750
0 0.233594 0.412500 0.040625 0.015000
1 0.053906 0.663750 0.045312 0.032500
0 0.720703 0.505000 0.035156 0.022500
0 0.562109 0.553125 0.033594 0.028750
0 0.619531 0.632500 0.034375 0.022500
1 0.654297 0.620625 0.032031 0.036250
0 0.250391 0.435625 0.042969 0.018750
0 0.152734 0.711875 0.050781 0.018750
0 0.287109 0.675625 0.036719 0.016250
0 0.184375 0.740625 0.043750 0.023750
0 0.410156 0.567500 0.035937 0.025000
0 0.343750 0.395000 0.040625 0.025000
1 0.765625 0.631250 0.045312 0.045000
1 0.438281 0.502500 0.034375 0.037500
0 0.122266 0.610625 0.050781 0.018750
1 0.162891 0.881875 0.033594 0.036250
0 0.522266 0.527500 0.035156 0.025000
1 0.643359 0.556250 0.033594 0.042500
0 0.047266 0.431250 0.044531 0.022500
0 0.281641 0.536875 0.046094 0.016250
0 0.143750 0.453125 0.032813 0.018750
0 0.408203 0.539375 0.044531 0.013750
