1 0.583594 0.687500 0.032813 0.022500
1 0.119531 0.776875 0.040625 0.018750
1 0.173437 0.705625 0.031250 0.018750
1 0.207422 0.641250 0.041406 0.020000
1 0.242578 0.573125 0.032031 0.021250
1 0.345703 0.763125 0.041406 0.013750
1 0.489063 0.638750 0.048438 0.027500
1 0.530469 0.616875 0.037500 0.018750
1 0.025391 0.496875 0.038281 0.031250
1 0.044922 0.720625 0.038281 0.016250
1 0.206250 0.583125 0.029687 0.018750
1 0.218750 0.481875 0.032813 0.026250
1 0.503125 0.400625 0.037500 0.028750
1 0.543359 0.569375 0.027344 0.016250
1 0.580469 0.507500 0.039062 0.027500
1 0.269922 0.551250 0.039844 0.017500
1 0.298047 0.519375 0.027344 0.018750
1 0.095312 0.506875 0.039062 0.018750
0 0.076172 0.534375 0.035156 0.041250
0 0.099219 0.575625 0.048438 0.038750
0 0.135156 0.651250 0.034375 0.035000
0 0.164453 0.573750 0.046094 0.062500
0 0.116406 0.423125 0.043750 0.031250
0 0.063281 0.431875 0.032813 0.046250
0 0.033594 0.340625 0.039062 0.046250
0 0.048438 0.471875 0.039062 0.038750
0 0.102734 0.456875 0.035156 0.033750
0 0.274219 0.445625 0.037500 0.056250
0 0.425781 0.455000 0.035937 0.040000
0 0.473047 0.502500 0.033594 0.035000
0 0.473047 0.540625 0.044531 0.033750
0 0.435937 0.503125 0.026562 0.038750
0 0.582422 0.481250 0.042969 0.037500
1 0.603906 0.590625 0.034375 0.028750
0 0.644922 0.580625 0.033594 0.041250
0 0.637891 0.516250 0.033594 0.052500
0 0.678516 0.493125 0.036719 0.041250
0 0.733594 0.598125 0.040625 0.058750
0 0.694531 0.548125 0.037500 0.046250
0 0.389062 0.560000 0.029687 0.050000
0 0.357031 0.546250 0.046875 0.047500
1 0.332031 0.474375 0.031250 0.033750
1 0.351562 0.445000 0.040625 0.037500
0 0.314063 0.373750 0.037500 0.047500
0 0.141406 0.477500 0.042188 0.040000
0 0.096875 0.356250 0.059375 0.037500
1 0.399219 0.381875 0.046875 0.036250
1 0.570703 0.439375 0.033594 0.033750
0 0.290234 0.393125 0.035156 0.048750
1 0.244922 0.377500 0.039844 0.025000
1 0.508594 0.547500 0.034375 0.025000
