0 0.501953 0.663750 0.033594 0.020000
0 0.405859 0.598125 0.035156 0.018750
0 0.362500 0.643750 0.034375 0.017500
0 0.266797 0.640000 0.027344 0.015000
0 0.161719 0.685000 0.029687 0.022500
0 0.160156 0.258750 0.031250 0.017500
0 0.225391 0.344375 0.035156 0.016250
0 0.358203 0.386875 0.028906 0.021250
0 0.353125 0.434375 0.034375 0.018750
1 0.021875 0.565000 0.042188 0.032500
1 0.093359 0.391875 0.039844 0.033750
1 0.069141 0.513125 0.035156 0.036250
1 0.033594 0.414375 0.043750 0.028750
1 0.030078 0.448125 0.030469 0.043750
1 0.169531 0.396875 0.032813 0.033750
1 0.248047 0.420625 0.046094 0.026250
1 0.194922 0.436875 0.047656 0.046250
1 0.156250 0.480000 0.050000 0.060000
0 0.119141 0.612500 0.035156 0.017500
0 0.235156 0.596875 0.031250 0.016250
0 0.554688 0.550000 0.039062 0.012500
0 0.774219 0.530625 0.034375 0.018750
1 0.151562 0.551875 0.035937 0.026250
1 0.173047 0.578125 0.035156 0.036250
1 0.207813 0.599375 0.039062 0.028750
1 0.204687 0.518125 0.042188 0.041250
1 0.257031 0.503750 0.045312 0.042500
1 0.303125 0.526250 0.026562 0.030000
1 0.307422 0.560625 0.032031 0.023750
1 0.341797 0.515625 0.038281 0.031250
1 0.343750 0.550000 0.032813 0.027500
1 0.420312 0.476250 0.043750 0.025000
1 0.411719 0.498125 0.031250 0.026250
1 0.401172 0.551250 0.041406 0.060000
1 0.516016 0.459375 0.047656 0.031250
1 0.705469 0.488750 0.032813 0.037500
1 0.744531 0.509375 0.029687 0.028750
1 0.764844 0.591875 0.050000 0.038750
1 0.570703 0.479375 0.036719 0.033750
1 0.638672 0.493750 0.049219 0.032500
1 0.608594 0.541875 0.034375 0.046250
1 0.458984 0.541875 0.032031 0.033750
1 0.507812 0.573750 0.068750 0.060000
1 0.492969 0.511250 0.084375 0.057500
0 0.625391 0.580000 0.035156 0.022500
0 0.094922 0.489375 0.032031 0.013750
