1 0.448047 0.733125 0.033594 0.028750
1 0.119531 0.835000 0.045312 0.025000
1 0.058984 0.648750 0.044531 0.020000
1 0.243750 0.652500 0.048438 0.020000
1 0.351562 0.635625 0.035937 0.021250
1 0.466016 0.656875 0.036719 0.026250
1 0.518359 0.615625 0.032031 0.018750
1 0.436719 0.609375 0.039062 0.021250
1 0.067187 0.583125 0.029687 0.016250
1 0.049219 0.565625 0.035937 0.016250
1 0.169141 0.581250 0.033594 0.020000
1 0.111328 0.503750 0.038281 0.025000
1 0.346094 0.360000 0.032813 0.025000
1 0.471875 0.380625 0.045312 0.028750
1 0.077734 0.336875 0.035156 0.026250
1 0.038672 0.373750 0.039844 0.020000
1 0.319141 0.575625 0.042969 0.021250
1 0.381641 0.605000 0.042969 0.020000
1 0.161719 0.454375 0.037500 0.028750
0 0.020703 0.570000 0.038281 0.055000
0 0.009766 0.457500 0.017969 0.022500
0 0.064844 0.428750 0.032813 0.042500
0 0.104297 0.443125 0.035156 0.043750
0 0.121875 0.408125 0.035937 0.056250
0 0.058594 0.538750 0.020313 0.025000
0 0.154688 0.319375 0.042188 0.048750
0 0.145703 0.361875 0.035156 0.053750
0 0.172266 0.400000 0.030469 0.030000
0 0.183594 0.430625 0.031250 0.033750
0 0.211719 0.431875 0.031250 0.053750
0 0.265625 0.433125 0.032813 0.048750
0 0.315234 0.490625 0.030469 0.048750
0 0.296875 0.530000 0.034375 0.037500
0 0.149219 0.497500 0.035937 0.035000
0 0.176172 0.548125 0.041406 0.041250
1 0.392969 0.491250 0.037500 0.030000
0 0.415234 0.441875 0.032031 0.043750
0 0.416797 0.402500 0.032031 0.037500
0 0.238672 0.549375 0.042969 0.048750
0 0.201563 0.520625 0.035937 0.041250
0 0.207031 0.480625 0.034375 0.046250
0 0.241406 0.497500 0.042188 0.052500
1 0.398828 0.556250 0.036719 0.025000
0 0.581641 0.424375 0.035156 0.041250
0 0.670312 0.558125 0.039062 0.046250
0 0.707812 0.531875 0.040625 0.056250
0 0.605078 0.508125 0.042969 0.061250
0 0.561719 0.473125 0.031250 0.041250
1 0.602344 0.621875 0.042188 0.021250
0 0.574609 0.603125 0.035156 0.038750
0 0.573047 0.572500 0.052344 0.032500
0 0.508594 0.520000 0.032813 0.035000
0 0.501953 0.473125 0.038281 0.038750
0 0.448047 0.514375 0.042969 0.033750
0 0.539844 0.546250 0.040625 0.065000
0 0.824609 0.587500 0.032031 0.037500
1 0.645312 0.452500 0.043750 0.025000
0 0.384766 0.448750 0.042969 0.050000
1 0.027734 0.288125 0.042969 0.031250
0 0.792578 0.499375 0.032031 0.031250
1 0.128125 0.679375 0.048438 0.021250
1 0.385937 0.516250 0.048438 0.025000
