0 0.355078 0.555000 0.039844 0.032500
0 0.647656 0.643750 0.032813 0.017500
0 0.632031 0.622500 0.039062 0.020000
1 0.526172 0.601875 0.044531 0.023750
0 0.714453 0.638125 0.042969 0.026250
0 0.741797 0.617500 0.038281 0.025000
0 0.288672 0.507500 0.044531 0.027500
0 0.214844 0.480000 0.032813 0.025000
0 0.126172 0.497500 0.033594 0.025000
0 0.076953 0.470000 0.042969 0.025000
0 0.083594 0.503750 0.046875 0.027500
0 0.253906 0.586250 0.034375 0.020000
1 0.195703 0.601250 0.028906 0.025000
0 0.111328 0.578125 0.036719 0.018750
0 0.808984 0.548125 0.028906 0.018750
0 0.434375 0.646250 0.046875 0.022500
0 0.365625 0.616875 0.051562 0.031250
0 0.368359 0.693125 0.044531 0.018750
0 0.473828 0.791250 0.038281 0.027500
0 0.374609 0.461875 0.036719 0.018750
0 0.380859 0.421250 0.038281 0.025000
0 0.154688 0.661250 0.043750 0.017500
0 0.065625 0.640625 0.043750 0.026250
0 0.173047 0.749375 0.052344 0.026250
0 0.805469 0.630000 0.039062 0.017500
0 0.677344 0.568750 0.040625 0.017500
0 0.550391 0.518125 0.035156 0.018750
0 0.578125 0.766875 0.018750 0.018750
0 0.789062 0.574375 0.029687 0.018750
0 0.131250 0.913125 0.031250 0.013750
0 0.081641 0.755625 0.033594 0.021250
0 0.395703 0.560625 0.033594 0.023750
0 0.426953 0.495000 0.046094 0.020000
0 0.246094 0.471250 0.031250 0.015000
0 0.569531 0.539375 0.039062 0.018750
