1 0.109375 0.505000 0.040625 0.045000
0 0.409766 0.530625 0.030469 0.028750
0 0.349609 0.539375 0.032031 0.021250
0 0.319531 0.546875 0.045312 0.023750
0 0.296875 0.581875 0.029687 0.021250
1 0.367188 0.605000 0.032813 0.022500
0 0.453906 0.548125 0.045312 0.018750
0 0.436328 0.681250 0.049219 0.015000
0 0.479297 0.586250 0.033594 0.020000
0 0.554297 0.553750 0.036719 0.020000
0 0.612109 0.525625 0.036719 0.021250
0 0.590234 0.586875 0.036719 0.026250
0 0.580859 0.645625 0.038281 0.023750
0 0.614062 0.610000 0.034375 0.015000
0 0.586328 0.686875 0.039844 0.016250
1 0.733203 0.618750 0.035156 0.030000
0 0.701172 0.685000 0.033594 0.025000
0 0.671094 0.521875 0.035937 0.018750
0 0.468359 0.651250 0.044531 0.010000
0 0.469922 0.622500 0.052344 0.017500
0 0.147266 0.556250 0.049219 0.017500
0 0.107422 0.700000 0.049219 0.017500
0 0.619922 0.574375 0.027344 0.016250
0 0.204687 0.648125 0.043750 0.013750
0 0.165234 0.750000 0.052344 0.015000
0 0.253125 0.633750 0.046875 0.015000
0 0.018750 0.512500 0.035937 0.015000
0 0.820703 0.565625 0.038281 0.013750
0 0.735938 0.649375 0.045312 0.021250
0 0.143359 0.357500 0.036719 0.027500
0 0.653516 0.715625 0.014844 0.016250
0 0.484766 0.708125 0.050781 0.018750
0 0.717187 0.559375 0.045312 0.018750
0 0.364844 0.525625 0.043750 0.021250
