0 0.530469 0.533750 0.037500 0.022500
0 0.789453 0.671875 0.038281 0.018750
0 0.736328 0.652500 0.038281 0.022500
0 0.654687 0.702500 0.029687 0.020000
0 0.537500 0.635000 0.048438 0.020000
0 0.458203 0.652500 0.039844 0.015000
0 0.479297 0.615625 0.042969 0.016250
0 0.721484 0.722500 0.025781 0.020000
0 0.328516 0.701875 0.038281 0.016250
0 0.217969 0.739375 0.034375 0.018750
0 0.204297 0.583125 0.032031 0.023750
0 0.101562 0.628750 0.042188 0.022500
0 0.216016 0.705625 0.053906 0.016250
0 0.546875 0.718750 0.031250 0.017500
0 0.101172 0.678125 0.053906 0.018750
0 0.011328 0.681250 0.021094 0.020000
1 0.639453 0.622500 0.032031 0.050000
1 0.507812 0.575000 0.037500 0.047500
1 0.138672 0.765000 0.036719 0.037500
1 0.699609 0.659375 0.033594 0.028750
1 0.841406 0.655000 0.025000 0.032500
0 0.260547 0.501250 0.038281 0.022500
0 0.827344 0.617500 0.032813 0.030000
0 0.783984 0.606250 0.028906 0.020000
