1 0.375781 0.693125 0.026562 0.023750
1 0.038672 0.718125 0.044531 0.018750
1 0.141797 0.704375 0.030469 0.023750
1 0.064844 0.639375 0.045312 0.021250
1 0.064844 0.606875 0.042188 0.018750
1 0.034766 0.583750 0.041406 0.022500
1 0.156250 0.535000 0.032813 0.020000
1 0.145703 0.495625 0.039844 0.026250
1 0.184766 0.411875 0.032031 0.026250
1 0.225781 0.665000 0.045312 0.027500
1 0.321484 0.623750 0.033594 0.020000
1 0.278125 0.623125 0.035937 0.021250
1 0.545703 0.553125 0.033594 0.026250
1 0.478125 0.590625 0.035937 0.021250
1 0.626563 0.593750 0.039062 0.020000
1 0.465625 0.407500 0.034375 0.025000
1 0.140625 0.358125 0.040625 0.026250
1 0.276172 0.290000 0.042969 0.025000
0 0.057031 0.473125 0.040625 0.031250
0 0.064453 0.552500 0.028906 0.022500
0 0.112891 0.546875 0.039844 0.041250
0 0.051562 0.529375 0.043750 0.028750
0 0.040625 0.367500 0.046875 0.070000
0 0.093359 0.324375 0.035156 0.046250
0 0.089453 0.372500 0.041406 0.055000
0 0.094141 0.463750 0.033594 0.037500
0 0.129297 0.451875 0.042969 0.061250
0 0.219531 0.461875 0.032813 0.033750
0 0.200000 0.577500 0.039062 0.037500
0 0.207422 0.547500 0.032031 0.035000
0 0.245703 0.545000 0.032031 0.027500
0 0.284766 0.515625 0.030469 0.041250
0 0.258594 0.491875 0.062500 0.033750
0 0.217188 0.387500 0.032813 0.037500
0 0.253906 0.412500 0.029687 0.030000
0 0.295703 0.399375 0.046094 0.043750
0 0.333594 0.426250 0.040625 0.035000
0 0.349609 0.490625 0.036719 0.043750
0 0.403906 0.413125 0.046875 0.043750
0 0.378516 0.551875 0.042969 0.041250
0 0.385156 0.516250 0.040625 0.032500
0 0.441406 0.508750 0.037500 0.042500
1 0.399219 0.594375 0.037500 0.018750
1 0.373437 0.580625 0.039062 0.021250
0 0.426563 0.570625 0.051562 0.038750
0 0.458203 0.548125 0.035156 0.033750
0 0.492188 0.540000 0.050000 0.062500
0 0.510938 0.418750 0.034375 0.037500
0 0.547266 0.436250 0.033594 0.042500
0 0.623437 0.485625 0.028125 0.038750
0 0.646875 0.453750 0.035937 0.042500
0 0.659766 0.560625 0.033594 0.041250
0 0.694531 0.578125 0.045312 0.068750
0 0.687500 0.496875 0.054688 0.048750
0 0.721094 0.540625 0.026562 0.036250
0 0.766797 0.475000 0.041406 0.047500
0 0.471484 0.472500 0.036719 0.052500
1 0.328125 0.528125 0.035937 0.023750
1 0.306250 0.365000 0.040625 0.027500
1 0.372656 0.396250 0.035937 0.032500
0 0.584766 0.558750 0.035156 0.057500
1 0.580469 0.499375 0.029687 0.036250
1 0.528516 0.497500 0.038281 0.037500
1 0.552734 0.519375 0.030469 0.033750
1 0.655078 0.414375 0.046094 0.033750
0 0.365234 0.454375 0.033594 0.031250
1 0.435937 0.380000 0.028125 0.022500
1 0.456250 0.665625 0.035937 0.018750
