0 0.560547 0.733750 0.024219 0.012500
0 0.477734 0.745625 0.025781 0.021250
0 0.485547 0.767500 0.027344 0.022500
0 0.739062 0.671250 0.028125 0.022500
0 0.607812 0.575625 0.034375 0.023750
0 0.467969 0.645625 0.034375 0.018750
0 0.301172 0.739375 0.039844 0.016250
0 0.249219 0.663125 0.040625 0.023750
0 0.530469 0.671875 0.040625 0.023750
0 0.624219 0.703125 0.051562 0.018750
0 0.021094 0.725000 0.040625 0.025000
0 0.232422 0.576250 0.052344 0.022500
0 0.192578 0.620000 0.060156 0.017500
0 0.143750 0.653125 0.050000 0.021250
0 0.693359 0.618125 0.039844 0.016250
0 0.623828 0.674375 0.053906 0.033750
0 0.766016 0.628125 0.046094 0.026250
0 0.695312 0.682500 0.032813 0.017500
0 0.786328 0.595000 0.038281 0.020000
0 0.819141 0.696875 0.041406 0.021250
0 0.527344 0.703125 0.048438 0.018750
0 0.257031 0.483750 0.037500 0.020000
0 0.396875 0.553125 0.040625 0.021250
1 0.747656 0.580000 0.035937 0.042500
1 0.694922 0.637500 0.033594 0.050000
1 0.526172 0.620625 0.039844 0.028750
1 0.463281 0.605625 0.034375 0.046250
1 0.330469 0.557500 0.037500 0.055000
0 0.467969 0.710000 0.048438 0.022500
