0 0.017188 0.961875 0.032813 0.023750
0 0.224219 0.633125 0.035937 0.023750
0 0.301563 0.590625 0.034375 0.023750
0 0.376172 0.521875 0.039844 0.021250
1 0.775391 0.679375 0.032031 0.033750
1 0.710938 0.625000 0.040625 0.025000
1 0.584375 0.586250 0.037500 0.040000
1 0.203516 0.756250 0.030469 0.032500
0 0.650781 0.711250 0.043750 0.020000
0 0.467187 0.693750 0.045312 0.020000
0 0.663281 0.628125 0.039062 0.023750
0 0.111328 0.472500 0.039844 0.027500
0 0.348438 0.695000 0.040625 0.022500
0 0.335156 0.719375 0.043750 0.021250
0 0.280078 0.665000 0.066406 0.022500
0 0.306250 0.631250 0.050000 0.020000
0 0.648828 0.561875 0.038281 0.021250
0 0.601953 0.610625 0.038281 0.016250
0 0.595703 0.652500 0.050781 0.017500
0 0.564063 0.756875 0.031250 0.023750
0 0.730859 0.680000 0.027344 0.022500
0 0.682031 0.539375 0.053125 0.018750
0 0.199609 0.670000 0.044531 0.015000
