1 0.124219 0.653750 0.032813 0.020000
1 0.135937 0.595000 0.039062 0.025000
1 0.040625 0.631250 0.040625 0.022500
1 0.069922 0.607500 0.041406 0.020000
1 0.180078 0.603750 0.039844 0.025000
1 0.239063 0.738750 0.031250 0.022500
1 0.292578 0.609375 0.025781 0.021250
1 0.297656 0.592500 0.031250 0.017500
1 0.328125 0.553125 0.037500 0.028750
1 0.430469 0.340625 0.043750 0.033750
1 0.249609 0.370000 0.036719 0.025000
1 0.126562 0.511875 0.032813 0.021250
1 0.144922 0.497500 0.041406 0.020000
1 0.069531 0.330000 0.031250 0.025000
1 0.587109 0.602500 0.033594 0.022500
1 0.550781 0.617500 0.028125 0.022500
1 0.493359 0.354375 0.044531 0.028750
0 0.422656 0.385625 0.040625 0.038750
0 0.403516 0.538125 0.041406 0.046250
0 0.382422 0.476875 0.036719 0.033750
0 0.252734 0.563125 0.039844 0.028750
0 0.190234 0.570625 0.039844 0.031250
0 0.173828 0.537500 0.046094 0.035000
0 0.052734 0.538750 0.033594 0.032500
0 0.016797 0.536875 0.032031 0.036250
0 0.017969 0.573125 0.034375 0.033750
0 0.077344 0.514375 0.043750 0.033750
0 0.072656 0.474375 0.039062 0.043750
0 0.094141 0.448750 0.022656 0.027500
0 0.126562 0.424375 0.045312 0.031250
0 0.140625 0.394375 0.056250 0.041250
0 0.203125 0.381875 0.045312 0.046250
0 0.105859 0.365000 0.038281 0.032500
0 0.163672 0.480000 0.033594 0.037500
0 0.188281 0.497500 0.034375 0.042500
0 0.225391 0.488750 0.053906 0.042500
0 0.275000 0.532500 0.031250 0.032500
0 0.306250 0.510625 0.059375 0.048750
0 0.273438 0.470625 0.032813 0.038750
0 0.315234 0.465625 0.035156 0.038750
0 0.315625 0.388750 0.043750 0.040000
0 0.278125 0.430625 0.040625 0.051250
0 0.315625 0.433125 0.035937 0.038750
0 0.450391 0.466875 0.030469 0.038750
0 0.510156 0.474375 0.051562 0.048750
0 0.517578 0.555625 0.028906 0.038750
0 0.535547 0.576250 0.042969 0.067500
0 0.570703 0.528125 0.042969 0.028750
0 0.598047 0.548750 0.027344 0.055000
0 0.641406 0.571875 0.039062 0.056250
0 0.632031 0.501250 0.031250 0.060000
0 0.707422 0.468750 0.046094 0.052500
0 0.680859 0.508125 0.033594 0.041250
0 0.652344 0.466875 0.032813 0.046250
1 0.253125 0.303750 0.046875 0.035000
1 0.317578 0.290625 0.042969 0.036250
0 0.355859 0.434375 0.035156 0.051250
