0 0.771875 0.640625 0.026562 0.018750
0 0.716406 0.608125 0.035937 0.021250
0 0.663672 0.635000 0.042969 0.022500
0 0.589453 0.593125 0.028906 0.021250
0 0.622266 0.574375 0.035156 0.026250
0 0.665625 0.499375 0.028125 0.021250
0 0.555859 0.625625 0.032031 0.033750
0 0.536719 0.596875 0.042188 0.021250
0 0.466797 0.624375 0.035156 0.023750
0 0.429297 0.593125 0.038281 0.021250
0 0.348047 0.589375 0.038281 0.023750
0 0.306250 0.480625 0.042188 0.018750
0 0.163672 0.405625 0.042969 0.026250
0 0.042578 0.438750 0.035156 0.020000
0 0.050781 0.464375 0.040625 0.023750
0 0.149219 0.530625 0.042188 0.026250
1 0.046094 0.595625 0.029687 0.021250
0 0.176172 0.601250 0.036719 0.032500
0 0.165625 0.703125 0.040625 0.021250
0 0.161719 0.646875 0.040625 0.023750
0 0.129688 0.604375 0.039062 0.018750
0 0.600000 0.687500 0.029687 0.025000
1 0.824609 0.610625 0.025781 0.033750
0 0.391797 0.737500 0.041406 0.027500
0 0.271094 0.884375 0.037500 0.031250
0 0.506641 0.814375 0.022656 0.026250
0 0.784766 0.656250 0.030469 0.022500
0 0.504687 0.561250 0.046875 0.022500
0 0.634375 0.641875 0.040625 0.023750
0 0.139844 0.576875 0.040625 0.018750
0 0.111328 0.325625 0.042969 0.021250
0 0.380859 0.496250 0.030469 0.025000
0 0.751563 0.670625 0.035937 0.018750
0 0.242969 0.727500 0.042188 0.020000
0 0.660547 0.713125 0.021094 0.018750
0 0.469141 0.542500 0.033594 0.015000
0 0.513672 0.465625 0.032031 0.021250
0 0.174219 0.444375 0.045312 0.021250
0 0.204687 0.550625 0.032813 0.018750
