0 0.207031 0.536875 0.034375 0.023750
0 0.227734 0.421875 0.038281 0.023750
0 0.185938 0.352500 0.037500 0.027500
0 0.093359 0.458750 0.027344 0.020000
0 0.395313 0.591875 0.040625 0.033750
0 0.720703 0.638750 0.041406 0.022500
0 0.775000 0.608125 0.032813 0.023750
0 0.703906 0.510000 0.028125 0.022500
0 0.633203 0.600000 0.028906 0.020000
0 0.603125 0.629375 0.035937 0.036250
0 0.123047 0.580000 0.032031 0.020000
0 0.117188 0.477500 0.040625 0.022500
1 0.089453 0.595000 0.035156 0.022500
0 0.228125 0.609375 0.043750 0.031250
0 0.379688 0.492500 0.037500 0.022500
0 0.517969 0.631875 0.037500 0.023750
0 0.485938 0.602500 0.039062 0.022500
0 0.577344 0.565000 0.039062 0.022500
0 0.527734 0.800000 0.017969 0.017500
0 0.331250 0.851250 0.039062 0.032500
0 0.683594 0.637500 0.034375 0.020000
0 0.673828 0.573750 0.035156 0.022500
0 0.245312 0.646250 0.046875 0.027500
0 0.308203 0.723750 0.042969 0.017500
0 0.227344 0.698750 0.039062 0.022500
0 0.456641 0.732500 0.046094 0.022500
0 0.435547 0.508750 0.039844 0.025000
0 0.259766 0.552500 0.030469 0.022500
0 0.243750 0.456875 0.034375 0.023750
0 0.823438 0.662500 0.034375 0.020000
0 0.642188 0.676250 0.029687 0.022500
0 0.689453 0.702500 0.022656 0.025000
0 0.575781 0.490625 0.031250 0.031250
