0 0.673438 0.622500 0.039062 0.020000
0 0.530859 0.719375 0.030469 0.023750
0 0.360156 0.763125 0.031250 0.018750
0 0.360547 0.705625 0.042969 0.016250
0 0.019531 0.769375 0.037500 0.023750
0 0.053906 0.566875 0.040625 0.031250
0 0.099219 0.549375 0.039062 0.021250
0 0.119141 0.533750 0.044531 0.015000
0 0.128516 0.516250 0.035156 0.015000
0 0.202734 0.559375 0.038281 0.018750
0 0.185938 0.594375 0.034375 0.018750
0 0.170703 0.604375 0.035156 0.026250
0 0.294141 0.592500 0.035156 0.032500
0 0.326562 0.560625 0.029687 0.021250
0 0.322266 0.615000 0.046094 0.025000
0 0.394141 0.605625 0.041406 0.026250
0 0.346094 0.656875 0.031250 0.016250
0 0.452344 0.535000 0.050000 0.027500
0 0.426172 0.425000 0.028906 0.030000
0 0.528516 0.680625 0.036719 0.023750
0 0.497656 0.656875 0.043750 0.026250
0 0.518750 0.623125 0.046875 0.018750
0 0.496875 0.598125 0.037500 0.021250
1 0.734375 0.651250 0.040625 0.040000
1 0.603516 0.549375 0.028906 0.031250
0 0.534766 0.568125 0.039844 0.018750
0 0.634375 0.558750 0.032813 0.027500
0 0.580078 0.617500 0.039844 0.015000
0 0.598828 0.658125 0.035156 0.016250
0 0.716016 0.580625 0.042969 0.016250
0 0.683203 0.566875 0.041406 0.013750
0 0.449609 0.585000 0.044531 0.012500
1 0.777734 0.663125 0.032031 0.041250
0 0.510547 0.789375 0.022656 0.018750
0 0.465234 0.508750 0.044531 0.015000
0 0.065234 0.441250 0.039844 0.020000
0 0.197266 0.341875 0.032031 0.026250
0 0.626172 0.538125 0.039844 0.018750
0 0.194922 0.718125 0.039844 0.018750
0 0.245703 0.780000 0.041406 0.020000
0 0.384375 0.891250 0.021875 0.022500
0 0.833203 0.643125 0.030469 0.023750
