0 0.483594 0.688125 0.046875 0.018750
0 0.583984 0.710000 0.035156 0.017500
0 0.594922 0.671875 0.038281 0.013750
0 0.416797 0.708750 0.038281 0.015000
0 0.344141 0.601875 0.039844 0.018750
0 0.682813 0.716875 0.045312 0.026250
0 0.728125 0.680000 0.035937 0.017500
0 0.766406 0.690000 0.048438 0.022500
0 0.653125 0.626250 0.039062 0.020000
0 0.603125 0.616875 0.037500 0.018750
0 0.662109 0.565000 0.041406 0.022500
0 0.725000 0.600625 0.051562 0.021250
0 0.776563 0.641875 0.031250 0.016250
0 0.487500 0.542500 0.037500 0.022500
0 0.437109 0.588125 0.042969 0.021250
0 0.373828 0.595000 0.036719 0.020000
0 0.312891 0.626875 0.039844 0.023750
0 0.289844 0.500000 0.031250 0.022500
0 0.207422 0.798750 0.033594 0.017500
0 0.230859 0.718750 0.046094 0.017500
0 0.060547 0.643750 0.046094 0.022500
0 0.315234 0.734375 0.027344 0.018750
0 0.339062 0.710000 0.051562 0.020000
0 0.343359 0.523750 0.044531 0.025000
0 0.457031 0.648750 0.045312 0.020000
0 0.529687 0.623750 0.035937 0.015000
0 0.141797 0.674375 0.050781 0.038750
0 0.628516 0.593125 0.049219 0.021250
1 0.075391 0.528125 0.036719 0.046250
1 0.199219 0.596875 0.035937 0.048750
1 0.267969 0.567500 0.035937 0.040000
1 0.464062 0.624375 0.040625 0.031250
1 0.585156 0.643125 0.040625 0.031250
1 0.553125 0.555000 0.032813 0.042500
0 0.312109 0.428750 0.042969 0.025000
0 0.412500 0.764375 0.056250 0.026250
0 0.381641 0.620625 0.044531 0.016250
0 0.560156 0.476875 0.023438 0.026250
