0 0.440234 0.582500 0.041406 0.020000
0 0.484375 0.633125 0.051562 0.023750
1 0.494922 0.613750 0.033594 0.030000
0 0.492188 0.584375 0.042188 0.028750
0 0.521484 0.563750 0.039844 0.025000
0 0.073438 0.572500 0.046875 0.017500
1 0.070312 0.603750 0.042188 0.032500
1 0.209766 0.512500 0.035156 0.047500
0 0.344922 0.431875 0.039844 0.023750
0 0.180078 0.290000 0.038281 0.020000
0 0.019141 0.635000 0.036719 0.017500
0 0.012500 0.681875 0.023438 0.016250
0 0.042188 0.766250 0.037500 0.015000
0 0.395313 0.733125 0.050000 0.023750
0 0.743359 0.657500 0.041406 0.022500
0 0.744141 0.679375 0.035156 0.023750
0 0.757812 0.608750 0.032813 0.020000
0 0.372656 0.566875 0.039062 0.016250
0 0.578906 0.566875 0.039062 0.023750
0 0.548438 0.571875 0.029687 0.026250
0 0.647266 0.587500 0.032031 0.020000
0 0.660547 0.641250 0.035156 0.022500
0 0.655469 0.681875 0.042188 0.021250
0 0.326953 0.698750 0.042969 0.020000
0 0.740234 0.583750 0.041406 0.022500
0 0.248047 0.686875 0.038281 0.023750
0 0.488281 0.715625 0.042188 0.023750
0 0.281641 0.531250 0.052344 0.022500
