0 0.428906 0.510625 0.042188 0.018750
0 0.517969 0.593750 0.037500 0.015000
0 0.640234 0.611250 0.042969 0.017500
0 0.664062 0.518125 0.040625 0.028750
0 0.446094 0.646250 0.037500 0.017500
0 0.274219 0.711250 0.037500 0.012500
0 0.276953 0.688750 0.044531 0.017500
0 0.401953 0.725000 0.033594 0.017500
0 0.440234 0.739375 0.046094 0.026250
0 0.126172 0.807500 0.052344 0.022500
0 0.064453 0.826875 0.027344 0.021250
0 0.106250 0.754375 0.050000 0.021250
0 0.105078 0.601875 0.042969 0.023750
0 0.160938 0.598750 0.040625 0.022500
0 0.163281 0.574375 0.040625 0.016250
0 0.233203 0.620000 0.041406 0.020000
0 0.269922 0.487500 0.050781 0.030000
0 0.228516 0.586250 0.044531 0.017500
0 0.257422 0.575000 0.044531 0.025000
0 0.217969 0.649375 0.050000 0.021250
0 0.180469 0.671250 0.045312 0.017500
0 0.409766 0.585625 0.057031 0.021250
0 0.351562 0.616875 0.050000 0.028750
0 0.755469 0.586875 0.034375 0.021250
0 0.702734 0.648125 0.063281 0.018750
0 0.548047 0.625625 0.049219 0.021250
0 0.491406 0.663125 0.043750 0.018750
0 0.508203 0.678750 0.050781 0.015000
0 0.100391 0.493750 0.052344 0.020000
0 0.123438 0.469375 0.037500 0.023750
1 0.439844 0.541250 0.031250 0.057500
1 0.331641 0.619375 0.033594 0.051250
1 0.121484 0.535000 0.032031 0.047500
1 0.048828 0.587500 0.036719 0.037500
1 0.417578 0.624375 0.035156 0.031250
0 0.810937 0.611250 0.034375 0.025000
1 0.783984 0.623750 0.030469 0.032500
0 0.830859 0.676250 0.022656 0.027500
0 0.357031 0.349375 0.029687 0.028750
0 0.172656 0.618750 0.035937 0.015000
0 0.181641 0.730625 0.033594 0.021250
0 0.447656 0.420625 0.023438 0.023750
