0 0.016016 0.595625 0.030469 0.021250
0 0.131641 0.323750 0.033594 0.020000
0 0.094922 0.389375 0.035156 0.016250
0 0.204687 0.424375 0.029687 0.013750
0 0.091797 0.554375 0.032031 0.011250
0 0.072656 0.539375 0.039062 0.013750
0 0.269922 0.583750 0.041406 0.017500
0 0.317969 0.688125 0.037500 0.021250
0 0.472266 0.691875 0.036719 0.018750
0 0.489453 0.630000 0.039844 0.015000
0 0.557422 0.628125 0.028906 0.026250
0 0.298438 0.520000 0.039062 0.022500
0 0.379297 0.585000 0.033594 0.017500
0 0.398047 0.560000 0.032031 0.017500
0 0.446484 0.515000 0.032031 0.015000
1 0.050781 0.445625 0.048438 0.041250
1 0.058984 0.501250 0.039844 0.062500
1 0.107813 0.468750 0.040625 0.035000
1 0.151172 0.476875 0.036719 0.026250
1 0.185938 0.453750 0.034375 0.030000
1 0.238672 0.452500 0.035156 0.032500
1 0.217578 0.353125 0.038281 0.028750
1 0.142187 0.524375 0.035937 0.023750
0 0.117578 0.582500 0.035156 0.015000
1 0.129297 0.560625 0.028906 0.023750
1 0.195703 0.512500 0.047656 0.037500
1 0.174609 0.556250 0.050781 0.030000
1 0.355469 0.486250 0.037500 0.040000
1 0.412109 0.465000 0.047656 0.047500
1 0.454297 0.584375 0.036719 0.031250
1 0.439844 0.544375 0.042188 0.033750
0 0.325391 0.461250 0.030469 0.020000
1 0.504297 0.466875 0.030469 0.041250
1 0.489453 0.521250 0.038281 0.047500
1 0.516797 0.563125 0.028906 0.026250
1 0.569531 0.503750 0.034375 0.037500
1 0.569141 0.545625 0.035156 0.036250
1 0.637500 0.504375 0.042188 0.041250
1 0.652344 0.556250 0.039062 0.040000
1 0.634766 0.585000 0.038281 0.027500
1 0.734375 0.546250 0.035937 0.030000
1 0.762500 0.603750 0.029687 0.052500
1 0.697656 0.588125 0.025000 0.028750
1 0.726172 0.580000 0.022656 0.022500
1 0.826953 0.560625 0.039844 0.033750
1 0.817578 0.596875 0.038281 0.036250
0 0.242188 0.480625 0.034375 0.018750
1 0.530078 0.492500 0.027344 0.025000
1 0.558594 0.581875 0.037500 0.038750
0 0.585938 0.591875 0.025000 0.016250
0 0.362500 0.417500 0.037500 0.017500
0 0.759375 0.517500 0.032813 0.020000
0 0.410156 0.680000 0.042188 0.017500
0 0.341797 0.595000 0.030469 0.017500
