0 0.588672 0.765625 0.028906 0.023750
0 0.469531 0.609375 0.042188 0.028750
0 0.471484 0.554375 0.041406 0.018750
1 0.318750 0.668750 0.040625 0.040000
1 0.551172 0.706250 0.032031 0.035000
0 0.119141 0.683750 0.044531 0.020000
0 0.019531 0.595625 0.037500 0.021250
0 0.014063 0.910000 0.026562 0.017500
0 0.716016 0.630625 0.039844 0.028750
0 0.773047 0.644375 0.027344 0.021250
0 0.273828 0.552500 0.052344 0.022500
0 0.741406 0.723750 0.054688 0.020000
0 0.246484 0.659375 0.039844 0.016250
0 0.664844 0.701875 0.042188 0.016250
