0 0.279687 0.744375 0.050000 0.023750
0 0.337500 0.646875 0.043750 0.021250
0 0.367188 0.633125 0.051562 0.021250
0 0.368750 0.581250 0.042188 0.035000
0 0.113672 0.524375 0.046094 0.021250
0 0.238281 0.390625 0.032813 0.023750
1 0.013672 0.612500 0.025781 0.030000
1 0.014453 0.580625 0.027344 0.036250
1 0.162109 0.508125 0.035156 0.038750
0 0.665625 0.681250 0.037500 0.017500
0 0.663672 0.648750 0.036719 0.025000
0 0.550391 0.587500 0.057031 0.017500
0 0.575781 0.563125 0.042188 0.021250
0 0.702344 0.547500 0.037500 0.017500
0 0.646484 0.571875 0.038281 0.021250
0 0.480859 0.551250 0.038281 0.027500
0 0.435937 0.550000 0.031250 0.025000
0 0.412500 0.565000 0.042188 0.022500
1 0.430078 0.606875 0.030469 0.028750
0 0.673438 0.598125 0.031250 0.021250
0 0.811719 0.628125 0.032813 0.023750
0 0.548828 0.683125 0.050781 0.023750
0 0.075000 0.245625 0.046875 0.033750
0 0.588672 0.646875 0.049219 0.021250
0 0.218359 0.694375 0.060156 0.026250
0 0.156641 0.701250 0.042969 0.022500
0 0.257031 0.558125 0.042188 0.028750
0 0.770703 0.558125 0.025781 0.016250
0 0.812891 0.591250 0.027344 0.012500
0 0.822656 0.579375 0.037500 0.016250
