1 0.160156 0.761875 0.039062 0.021250
1 0.276953 0.686250 0.038281 0.022500
1 0.473828 0.653750 0.036719 0.020000
1 0.658594 0.546250 0.031250 0.020000
1 0.658203 0.573750 0.032031 0.020000
1 0.230469 0.482500 0.045312 0.025000
1 0.235156 0.421875 0.029687 0.026250
1 0.353906 0.287500 0.032813 0.030000
1 0.305859 0.395000 0.038281 0.027500
0 0.107422 0.466875 0.035156 0.038750
0 0.021484 0.505000 0.038281 0.030000
0 0.028906 0.583750 0.040625 0.030000
0 0.032422 0.431875 0.032031 0.028750
0 0.048438 0.396250 0.048438 0.067500
0 0.057031 0.341875 0.042188 0.041250
0 0.021094 0.255625 0.035937 0.038750
0 0.167187 0.360000 0.040625 0.040000
0 0.140625 0.448750 0.032813 0.035000
0 0.422266 0.395000 0.039844 0.040000
0 0.273047 0.505000 0.033594 0.035000
0 0.307812 0.522500 0.029687 0.035000
0 0.329688 0.576875 0.035937 0.041250
0 0.300781 0.553125 0.035937 0.028750
0 0.392578 0.490625 0.055469 0.028750
0 0.373828 0.566875 0.033594 0.038750
1 0.330469 0.486250 0.039062 0.025000
0 0.277734 0.451250 0.049219 0.050000
0 0.333203 0.438125 0.042969 0.033750
0 0.386328 0.426250 0.058594 0.067500
0 0.421094 0.509375 0.032813 0.048750
0 0.421875 0.556875 0.031250 0.033750
0 0.434375 0.470625 0.028125 0.038750
0 0.529687 0.580000 0.029687 0.035000
0 0.551953 0.570625 0.025781 0.036250
0 0.573047 0.556875 0.036719 0.028750
0 0.619531 0.538750 0.032813 0.037500
0 0.665625 0.507500 0.029687 0.037500
0 0.608984 0.463125 0.030469 0.038750
0 0.633984 0.503750 0.028906 0.037500
0 0.544531 0.495625 0.029687 0.041250
0 0.580859 0.515625 0.039844 0.048750
1 0.341797 0.344375 0.033594 0.021250
1 0.136328 0.488750 0.032031 0.020000
1 0.142578 0.312500 0.038281 0.022500
1 0.446094 0.628125 0.039062 0.026250
0 0.704688 0.491250 0.046875 0.055000
0 0.733203 0.561875 0.033594 0.058750
1 0.494141 0.600000 0.044531 0.027500
1 0.527344 0.534375 0.037500 0.031250
