0 0.186328 0.667500 0.039844 0.015000
0 0.045703 0.875625 0.049219 0.023750
1 0.017578 0.612500 0.033594 0.027500
1 0.019141 0.545625 0.036719 0.038750
1 0.058594 0.496875 0.042188 0.033750
1 0.065234 0.453125 0.036719 0.031250
1 0.013281 0.425000 0.025000 0.042500
1 0.030859 0.446875 0.028906 0.043750
0 0.084375 0.563750 0.037500 0.017500
0 0.127734 0.615000 0.039844 0.017500
1 0.133203 0.547500 0.035156 0.035000
1 0.163281 0.567500 0.035937 0.030000
1 0.213672 0.583125 0.033594 0.026250
1 0.223047 0.478125 0.036719 0.031250
0 0.197656 0.435625 0.048438 0.018750
0 0.193750 0.387500 0.043750 0.022500
0 0.283594 0.436250 0.040625 0.022500
0 0.409766 0.701250 0.046094 0.017500
1 0.523828 0.651875 0.049219 0.021250
1 0.262500 0.520000 0.037500 0.040000
1 0.305469 0.591875 0.062500 0.063750
1 0.364453 0.568125 0.044531 0.048750
1 0.316406 0.497500 0.054688 0.032500
1 0.314844 0.537500 0.070312 0.047500
1 0.346875 0.466250 0.031250 0.035000
0 0.378516 0.501250 0.041406 0.020000
1 0.426953 0.496875 0.038281 0.028750
1 0.483203 0.503125 0.036719 0.033750
0 0.440625 0.558750 0.040625 0.022500
1 0.551172 0.613125 0.038281 0.033750
0 0.586719 0.580625 0.034375 0.018750
1 0.545312 0.554375 0.046875 0.043750
1 0.632422 0.594375 0.032031 0.023750
1 0.618750 0.530000 0.035937 0.022500
1 0.635547 0.543125 0.060156 0.048750
1 0.791406 0.596250 0.062500 0.062500
1 0.857422 0.536875 0.033594 0.063750
0 0.728516 0.511250 0.039844 0.020000
0 0.031250 0.695000 0.053125 0.015000
0 0.555469 0.426875 0.050000 0.021250
0 0.187891 0.744375 0.046094 0.016250
0 0.264844 0.661250 0.034375 0.017500
0 0.667578 0.576250 0.030469 0.012500
