0 0.028516 0.832500 0.033594 0.022500
0 0.072656 0.865625 0.034375 0.021250
1 0.026953 0.418125 0.033594 0.033750
1 0.062891 0.434375 0.038281 0.026250
1 0.018750 0.530625 0.035937 0.031250
1 0.081641 0.490625 0.036719 0.026250
1 0.135156 0.465625 0.040625 0.028750
1 0.131641 0.661250 0.041406 0.017500
0 0.225391 0.361250 0.033594 0.017500
0 0.153516 0.373125 0.039844 0.016250
0 0.228125 0.567500 0.034375 0.020000
0 0.264453 0.538125 0.036719 0.016250
1 0.233984 0.621250 0.035156 0.032500
1 0.204687 0.517500 0.050000 0.072500
0 0.309766 0.454375 0.035156 0.018750
1 0.277734 0.496250 0.036719 0.072500
0 0.210938 0.590000 0.035937 0.020000
0 0.432812 0.371250 0.032813 0.022500
0 0.344531 0.500625 0.039062 0.016250
1 0.316406 0.578750 0.032813 0.025000
1 0.451562 0.590625 0.050000 0.038750
1 0.537500 0.523125 0.056250 0.031250
1 0.600781 0.528125 0.042188 0.046250
1 0.619922 0.573125 0.033594 0.033750
0 0.476953 0.460000 0.042969 0.020000
0 0.457422 0.470000 0.039844 0.020000
0 0.478516 0.489375 0.030469 0.016250
0 0.441797 0.510000 0.033594 0.015000
0 0.429688 0.522500 0.034375 0.017500
0 0.494141 0.552500 0.039844 0.022500
0 0.576562 0.436250 0.034375 0.020000
0 0.651953 0.483125 0.027344 0.028750
1 0.651953 0.524375 0.033594 0.036250
1 0.683984 0.558125 0.030469 0.033750
1 0.667969 0.587500 0.040625 0.032500
1 0.714453 0.511875 0.050781 0.036250
1 0.798047 0.553125 0.032031 0.031250
1 0.791016 0.519375 0.032031 0.023750
1 0.758594 0.535625 0.032813 0.038750
1 0.851172 0.543125 0.028906 0.041250
0 0.632031 0.700000 0.039062 0.022500
0 0.544922 0.557500 0.036719 0.020000
0 0.646094 0.603125 0.032813 0.023750
