1 0.575391 0.615000 0.036719 0.032500
1 0.509766 0.503750 0.035156 0.030000
1 0.039453 0.611875 0.036719 0.026250
1 0.045703 0.545625 0.035156 0.038750
1 0.014453 0.503750 0.027344 0.027500
1 0.083203 0.500625 0.038281 0.033750
1 0.090625 0.455000 0.034375 0.030000
1 0.028125 0.385000 0.029687 0.027500
1 0.034375 0.424375 0.037500 0.036250
1 0.055469 0.450000 0.026562 0.052500
0 0.117578 0.566875 0.038281 0.016250
0 0.166016 0.613750 0.042969 0.015000
1 0.162891 0.552500 0.036719 0.040000
1 0.192188 0.573125 0.035937 0.031250
1 0.239844 0.580000 0.031250 0.027500
0 0.217969 0.665000 0.034375 0.015000
0 0.080859 0.868750 0.044531 0.017500
0 0.446875 0.691875 0.045312 0.018750
0 0.233203 0.439375 0.039844 0.016250
0 0.316797 0.448750 0.038281 0.017500
1 0.246094 0.483750 0.031250 0.022500
1 0.369531 0.470625 0.031250 0.031250
1 0.289062 0.520625 0.035937 0.033750
1 0.347266 0.506250 0.052344 0.035000
1 0.330078 0.594375 0.061719 0.048750
1 0.394531 0.569375 0.054688 0.046250
1 0.333594 0.546250 0.078125 0.040000
0 0.231641 0.395625 0.042969 0.018750
0 0.410547 0.500000 0.041406 0.017500
0 0.474219 0.555000 0.035937 0.020000
1 0.457422 0.501875 0.041406 0.028750
1 0.571094 0.555000 0.046875 0.045000
0 0.608203 0.580000 0.035156 0.020000
1 0.656641 0.593750 0.028906 0.027500
1 0.645703 0.531250 0.033594 0.025000
1 0.666016 0.549375 0.052344 0.051250
1 0.552734 0.653125 0.044531 0.028750
1 0.832422 0.612500 0.052344 0.050000
0 0.590625 0.441875 0.046875 0.021250
0 0.760547 0.515625 0.039844 0.018750
0 0.074609 0.688125 0.039844 0.021250
0 0.232031 0.733750 0.042188 0.015000
0 0.296094 0.656875 0.037500 0.021250
