0 0.596094 0.675625 0.026562 0.016250
0 0.591797 0.703750 0.028906 0.022500
0 0.482031 0.606875 0.037500 0.023750
0 0.417578 0.618750 0.042969 0.027500
0 0.364063 0.600000 0.035937 0.025000
1 0.310547 0.642500 0.041406 0.037500
0 0.254688 0.608750 0.037500 0.020000
0 0.190625 0.561875 0.037500 0.021250
0 0.035547 0.435625 0.038281 0.018750
0 0.119141 0.761875 0.033594 0.021250
0 0.603125 0.662500 0.040625 0.017500
0 0.811719 0.591250 0.034375 0.020000
0 0.708984 0.570625 0.028906 0.023750
1 0.666016 0.563750 0.032031 0.027500
0 0.570703 0.612500 0.035156 0.027500
0 0.556641 0.562500 0.030469 0.025000
0 0.490625 0.443750 0.031250 0.025000
0 0.428125 0.746875 0.031250 0.026250
0 0.471094 0.696875 0.045312 0.018750
0 0.438281 0.574375 0.032813 0.018750
0 0.402344 0.571250 0.034375 0.022500
0 0.294922 0.568750 0.033594 0.025000
0 0.134766 0.571250 0.039844 0.030000
0 0.226562 0.522500 0.037500 0.020000
0 0.418359 0.649375 0.049219 0.018750
0 0.625781 0.626875 0.040625 0.021250
0 0.280469 0.707500 0.034375 0.015000
0 0.545703 0.584375 0.039844 0.013750
0 0.531250 0.620625 0.032813 0.013750
0 0.644922 0.586250 0.041406 0.027500
0 0.680078 0.630000 0.038281 0.015000
0 0.691016 0.668750 0.038281 0.015000
0 0.698047 0.648125 0.024219 0.013750
0 0.554688 0.768750 0.018750 0.022500
0 0.771875 0.623750 0.040625 0.022500
0 0.151953 0.457500 0.039844 0.025000
0 0.283203 0.375625 0.038281 0.026250
0 0.724219 0.555000 0.034375 0.017500
0 0.341797 0.768125 0.042969 0.018750
0 0.419141 0.870625 0.019531 0.016250
1 0.794922 0.648750 0.036719 0.042500
1 0.828516 0.670000 0.028906 0.035000
