0 0.458203 0.387500 0.032031 0.025000
1 0.015234 0.471250 0.028906 0.035000
1 0.028125 0.578125 0.035937 0.031250
1 0.044922 0.535000 0.039844 0.030000
1 0.018359 0.511875 0.035156 0.036250
1 0.050000 0.417500 0.034375 0.032500
1 0.091797 0.438125 0.044531 0.028750
1 0.111719 0.490000 0.032813 0.032500
1 0.161328 0.468125 0.039844 0.028750
1 0.162891 0.658125 0.039844 0.023750
0 0.049609 0.237500 0.046094 0.020000
0 0.190234 0.383125 0.038281 0.021250
0 0.261719 0.376875 0.034375 0.021250
0 0.342578 0.457500 0.036719 0.017500
0 0.296484 0.540625 0.032031 0.013750
0 0.363281 0.545000 0.039062 0.015000
0 0.376172 0.508125 0.039844 0.021250
1 0.234766 0.525625 0.052344 0.071250
0 0.255469 0.570625 0.031250 0.018750
1 0.260937 0.620625 0.035937 0.031250
0 0.241406 0.590625 0.035937 0.028750
1 0.339453 0.581250 0.030469 0.025000
1 0.304297 0.493125 0.046094 0.066250
1 0.471094 0.595625 0.046875 0.046250
0 0.509375 0.466250 0.037500 0.017500
0 0.488672 0.478750 0.032031 0.020000
0 0.467187 0.512500 0.032813 0.015000
0 0.462500 0.529375 0.032813 0.021250
0 0.605469 0.445000 0.032813 0.017500
1 0.563281 0.523750 0.050000 0.035000
1 0.632031 0.533750 0.051562 0.045000
1 0.639453 0.575625 0.030469 0.036250
1 0.678906 0.521250 0.032813 0.030000
1 0.708984 0.556875 0.041406 0.033750
1 0.695703 0.586875 0.032031 0.026250
1 0.731250 0.516875 0.060937 0.028750
1 0.820703 0.558125 0.032031 0.036250
1 0.816016 0.517500 0.032031 0.030000
1 0.791406 0.534375 0.034375 0.031250
0 0.666797 0.693125 0.036719 0.016250
0 0.107031 0.850000 0.034375 0.020000
0 0.062109 0.820000 0.038281 0.022500
0 0.505078 0.494375 0.032031 0.018750
0 0.523047 0.554375 0.036719 0.018750
0 0.674609 0.491250 0.027344 0.027500
0 0.678516 0.605625 0.035156 0.021250
0 0.286328 0.685625 0.038281 0.021250
