1 0.008984 0.427500 0.016406 0.042500
1 0.147266 0.385000 0.041406 0.025000
1 0.014063 0.500625 0.026562 0.033750
1 0.065234 0.569375 0.030469 0.028750
0 0.078516 0.597500 0.033594 0.022500
0 0.116797 0.598125 0.035156 0.018750
0 0.103906 0.445000 0.034375 0.012500
0 0.205469 0.436250 0.032813 0.015000
0 0.125391 0.190625 0.032031 0.021250
0 0.252344 0.334375 0.035937 0.018750
0 0.156250 0.464375 0.031250 0.011250
0 0.197266 0.501875 0.035156 0.016250
0 0.239453 0.505000 0.032031 0.015000
0 0.233984 0.520000 0.033594 0.017500
0 0.317188 0.596875 0.042188 0.021250
0 0.348828 0.567500 0.038281 0.017500
0 0.418359 0.413750 0.038281 0.017500
0 0.472656 0.523750 0.037500 0.020000
0 0.637500 0.656875 0.039062 0.016250
0 0.610156 0.599375 0.054688 0.016250
0 0.654297 0.550625 0.035156 0.016250
0 0.709375 0.592500 0.029687 0.025000
0 0.609375 0.528125 0.032813 0.021250
0 0.293750 0.763750 0.031250 0.022500
1 0.140234 0.550625 0.036719 0.046250
1 0.170313 0.586875 0.043750 0.043750
1 0.284766 0.510000 0.047656 0.047500
1 0.317969 0.481250 0.042188 0.030000
1 0.340625 0.500625 0.035937 0.026250
1 0.392188 0.495000 0.029687 0.025000
1 0.430469 0.481875 0.032813 0.026250
1 0.473438 0.482500 0.029687 0.037500
1 0.380859 0.571250 0.036719 0.045000
1 0.416016 0.530000 0.053906 0.040000
0 0.425391 0.568125 0.032031 0.021250
1 0.560937 0.513750 0.031250 0.045000
1 0.622266 0.496875 0.035156 0.028750
1 0.723828 0.521875 0.041406 0.043750
1 0.683984 0.561250 0.041406 0.042500
1 0.669531 0.521250 0.065625 0.030000
1 0.807031 0.533750 0.037500 0.035000
1 0.795703 0.571250 0.039844 0.045000
1 0.753516 0.568750 0.044531 0.025000
1 0.753906 0.601250 0.042188 0.027500
0 0.517188 0.502500 0.037500 0.012500
0 0.166797 0.518750 0.035156 0.022500
0 0.533984 0.518125 0.033594 0.018750
0 0.436328 0.455625 0.035156 0.013750
