0 0.516797 0.561875 0.042969 0.021250
0 0.423828 0.502500 0.044531 0.025000
0 0.416406 0.754375 0.028125 0.021250
0 0.384766 0.690625 0.038281 0.023750
0 0.219531 0.805000 0.031250 0.020000
0 0.144531 0.721875 0.048438 0.018750
0 0.014063 0.588125 0.026562 0.026250
0 0.016406 0.537500 0.031250 0.022500
0 0.029687 0.289375 0.037500 0.021250
0 0.292187 0.391250 0.034375 0.020000
0 0.279297 0.633125 0.044531 0.016250
0 0.209766 0.603750 0.055469 0.025000
0 0.237891 0.476875 0.052344 0.021250
0 0.476562 0.622500 0.040625 0.015000
0 0.381250 0.595000 0.040625 0.020000
0 0.338281 0.576250 0.037500 0.030000
0 0.425781 0.833125 0.026562 0.021250
0 0.698828 0.641250 0.033594 0.022500
1 0.675391 0.648750 0.036719 0.032500
0 0.171875 0.541250 0.040625 0.022500
0 0.150000 0.582500 0.045312 0.027500
0 0.132812 0.606875 0.046875 0.033750
0 0.314063 0.529375 0.045312 0.023750
0 0.401172 0.632500 0.042969 0.020000
0 0.223047 0.575000 0.033594 0.022500
0 0.077344 0.635000 0.045312 0.030000
0 0.532422 0.533750 0.033594 0.022500
0 0.788281 0.566250 0.040625 0.030000
1 0.790234 0.636250 0.041406 0.032500
0 0.017188 0.740625 0.032813 0.021250
1 0.618750 0.663125 0.040625 0.033750
1 0.601562 0.646250 0.040625 0.032500
1 0.486328 0.521875 0.035156 0.048750
0 0.189844 0.660000 0.037500 0.020000
0 0.315625 0.938750 0.018750 0.017500
0 0.373047 0.611875 0.039844 0.018750
0 0.635938 0.590000 0.039062 0.012500
0 0.697656 0.612500 0.037500 0.020000
0 0.675391 0.705625 0.039844 0.018750
0 0.666016 0.684375 0.032031 0.016250
