1 0.078125 0.500000 0.040625 0.050000
0 0.529297 0.580625 0.033594 0.016250
0 0.485156 0.540625 0.037500 0.026250
0 0.363281 0.519375 0.029687 0.023750
0 0.298438 0.528750 0.028125 0.015000
0 0.296484 0.511250 0.035156 0.017500
0 0.261719 0.536875 0.031250 0.023750
1 0.682813 0.616250 0.035937 0.027500
0 0.526953 0.638750 0.042969 0.030000
0 0.649219 0.711250 0.043750 0.020000
0 0.551562 0.508125 0.039062 0.023750
0 0.073828 0.550625 0.042969 0.018750
0 0.409375 0.716875 0.048438 0.018750
0 0.353125 0.680000 0.057813 0.020000
0 0.392188 0.654375 0.043750 0.018750
0 0.253125 0.581250 0.035937 0.012500
0 0.253516 0.565000 0.049219 0.020000
0 0.180469 0.636250 0.045312 0.017500
0 0.089453 0.755000 0.055469 0.017500
0 0.032813 0.703125 0.053125 0.018750
0 0.428906 0.582500 0.048438 0.015000
0 0.596875 0.498750 0.048438 0.025000
0 0.528906 0.688750 0.034375 0.017500
0 0.716016 0.570625 0.030469 0.018750
0 0.643750 0.541875 0.042188 0.023750
0 0.553516 0.606875 0.049219 0.018750
1 0.323437 0.603750 0.034375 0.030000
0 0.562500 0.572500 0.034375 0.020000
0 0.662891 0.647500 0.047656 0.025000
0 0.068750 0.328750 0.040625 0.027500
0 0.636719 0.727500 0.018750 0.017500
0 0.821094 0.699375 0.053125 0.023750
0 0.264062 0.858125 0.040625 0.026250
0 0.435937 0.507500 0.034375 0.015000
0 0.374609 0.539375 0.046094 0.013750
0 0.390234 0.616250 0.032031 0.012500
0 0.835547 0.574375 0.030469 0.018750
0 0.755078 0.557500 0.036719 0.017500
