0 0.325391 0.708125 0.053906 0.026250
0 0.337500 0.771250 0.031250 0.020000
0 0.321875 0.656875 0.032813 0.021250
0 0.029687 0.566250 0.039062 0.025000
0 0.071094 0.546250 0.035937 0.025000
0 0.089063 0.533125 0.035937 0.016250
0 0.097656 0.511250 0.035937 0.015000
0 0.167187 0.555625 0.040625 0.021250
0 0.148828 0.598750 0.041406 0.025000
0 0.266406 0.589375 0.031250 0.033750
1 0.714844 0.653125 0.042188 0.046250
0 0.515234 0.726875 0.032031 0.026250
0 0.504297 0.684375 0.033594 0.023750
0 0.463672 0.653750 0.036719 0.022500
0 0.564063 0.651875 0.042188 0.018750
0 0.404687 0.418125 0.029687 0.023750
0 0.609375 0.553750 0.032813 0.030000
1 0.585938 0.541875 0.031250 0.023750
0 0.428906 0.503125 0.039062 0.016250
0 0.365234 0.605625 0.039844 0.028750
0 0.303516 0.560000 0.027344 0.017500
0 0.468750 0.600000 0.032813 0.022500
0 0.498828 0.563125 0.047656 0.023750
0 0.640625 0.623750 0.037500 0.017500
0 0.672266 0.590625 0.025781 0.016250
0 0.548828 0.632500 0.038281 0.017500
0 0.548047 0.613125 0.042969 0.016250
1 0.760938 0.657500 0.032813 0.037500
0 0.496875 0.796875 0.025000 0.021250
0 0.817187 0.641875 0.042188 0.031250
0 0.416797 0.525625 0.046094 0.023750
0 0.038672 0.440000 0.036719 0.020000
0 0.169141 0.335000 0.038281 0.025000
0 0.162500 0.721875 0.046875 0.023750
0 0.290625 0.616250 0.045312 0.027500
0 0.648047 0.563750 0.039844 0.015000
0 0.420312 0.585000 0.053125 0.020000
0 0.373828 0.898750 0.021094 0.022500
0 0.818750 0.601250 0.040625 0.015000
0 0.796094 0.663750 0.032813 0.020000
