0 0.344922 0.585625 0.042969 0.018750
0 0.024219 0.261250 0.034375 0.017500
0 0.014063 0.404375 0.026562 0.013750
0 0.039453 0.486250 0.032031 0.017500
0 0.017578 0.500000 0.033594 0.020000
0 0.080859 0.593750 0.041406 0.020000
1 0.108984 0.453125 0.041406 0.041250
1 0.108203 0.504375 0.042969 0.058750
1 0.158203 0.476875 0.041406 0.031250
1 0.207813 0.480000 0.034375 0.025000
1 0.238672 0.463125 0.035156 0.028750
1 0.291797 0.458750 0.033594 0.027500
0 0.299219 0.482500 0.040625 0.017500
0 0.148047 0.556875 0.028906 0.016250
0 0.178906 0.585625 0.032813 0.016250
0 0.237109 0.563125 0.033594 0.018750
1 0.242969 0.514375 0.042188 0.033750
1 0.198828 0.528125 0.035156 0.018750
1 0.195703 0.556250 0.053906 0.030000
0 0.350000 0.520000 0.039062 0.020000
0 0.382812 0.468125 0.029687 0.018750
1 0.260937 0.366250 0.037500 0.027500
0 0.194531 0.344375 0.037500 0.021250
0 0.160938 0.398125 0.037500 0.016250
1 0.404297 0.495000 0.047656 0.032500
0 0.389453 0.684375 0.042969 0.018750
0 0.437500 0.586875 0.037500 0.016250
0 0.540625 0.673750 0.034375 0.020000
0 0.612891 0.617500 0.032031 0.020000
0 0.453906 0.560000 0.035937 0.015000
0 0.493359 0.517500 0.028906 0.015000
1 0.458203 0.473125 0.036719 0.043750
1 0.553906 0.478750 0.031250 0.037500
1 0.583203 0.503750 0.030469 0.022500
1 0.537891 0.521875 0.039844 0.043750
1 0.493750 0.549375 0.031250 0.036250
1 0.519141 0.584375 0.050781 0.041250
1 0.567187 0.561875 0.035937 0.026250
0 0.561328 0.618750 0.047656 0.015000
1 0.624219 0.506250 0.042188 0.032500
1 0.695703 0.511250 0.047656 0.040000
1 0.621094 0.542500 0.034375 0.040000
1 0.677734 0.588125 0.032031 0.023750
1 0.699609 0.564375 0.038281 0.043750
1 0.757422 0.591250 0.041406 0.032500
1 0.794141 0.551875 0.035156 0.033750
1 0.808984 0.611875 0.041406 0.051250
0 0.422266 0.431250 0.036719 0.017500
0 0.150391 0.542500 0.046094 0.017500
0 0.257422 0.431875 0.025781 0.013750
1 0.616016 0.580000 0.038281 0.035000
0 0.480859 0.674375 0.041406 0.013750
