0 0.120703 0.596250 0.038281 0.030000
0 0.137891 0.550625 0.038281 0.023750
0 0.276562 0.553750 0.032813 0.025000
0 0.041797 0.543125 0.041406 0.026250
0 0.067578 0.510000 0.039844 0.015000
0 0.012109 0.562500 0.022656 0.022500
0 0.587500 0.548125 0.031250 0.028750
1 0.563672 0.535625 0.030469 0.036250
0 0.380859 0.414375 0.027344 0.021250
0 0.642969 0.578125 0.031250 0.021250
0 0.607812 0.622500 0.043750 0.020000
0 0.535156 0.650625 0.039062 0.018750
0 0.427734 0.647500 0.041406 0.015000
0 0.481641 0.685000 0.032031 0.022500
1 0.747656 0.655625 0.029687 0.036250
1 0.695312 0.652500 0.042188 0.047500
0 0.461328 0.553750 0.042969 0.022500
0 0.497266 0.588750 0.044531 0.017500
0 0.442578 0.597500 0.030469 0.020000
0 0.335547 0.606875 0.041406 0.021250
0 0.513672 0.629375 0.039844 0.016250
0 0.514453 0.611250 0.036719 0.017500
0 0.482422 0.805625 0.019531 0.016250
0 0.315625 0.775625 0.031250 0.021250
0 0.791797 0.641875 0.035156 0.026250
0 0.295312 0.659375 0.034375 0.018750
0 0.292578 0.708125 0.038281 0.016250
0 0.494531 0.731250 0.029687 0.020000
0 0.392188 0.494375 0.046875 0.021250
0 0.380469 0.516250 0.043750 0.020000
0 0.134375 0.727500 0.040625 0.020000
0 0.261719 0.611875 0.050000 0.033750
0 0.245312 0.580000 0.035937 0.027500
0 0.181641 0.790625 0.041406 0.021250
0 0.382031 0.588750 0.042188 0.017500
0 0.361328 0.907500 0.016406 0.020000
0 0.014453 0.431875 0.027344 0.018750
0 0.783594 0.599375 0.034375 0.016250
0 0.812891 0.597500 0.035156 0.020000
0 0.771094 0.670000 0.029687 0.017500
