1 0.258984 0.600000 0.027344 0.030000
1 0.025781 0.500625 0.026562 0.043750
0 0.725781 0.654375 0.034375 0.021250
0 0.713672 0.636250 0.035156 0.017500
0 0.439453 0.566250 0.041406 0.022500
0 0.387109 0.525000 0.042969 0.020000
0 0.289062 0.501875 0.034375 0.026250
0 0.209375 0.512500 0.037500 0.020000
0 0.183594 0.581875 0.032813 0.018750
0 0.061719 0.636875 0.046875 0.018750
1 0.606250 0.611875 0.034375 0.026250
0 0.544531 0.645625 0.042188 0.018750
0 0.554688 0.698125 0.039062 0.016250
0 0.726562 0.709375 0.045312 0.018750
0 0.476172 0.562500 0.042969 0.020000
0 0.461328 0.486250 0.042969 0.020000
0 0.490625 0.457500 0.043750 0.022500
0 0.295312 0.607500 0.032813 0.022500
0 0.276562 0.660000 0.059375 0.017500
0 0.255469 0.685000 0.043750 0.017500
0 0.169531 0.520000 0.037500 0.022500
0 0.661719 0.540625 0.029687 0.018750
0 0.537891 0.518750 0.042969 0.025000
0 0.446484 0.691250 0.041406 0.025000
0 0.445703 0.630625 0.038281 0.023750
0 0.457813 0.610625 0.045312 0.018750
0 0.787109 0.645000 0.032031 0.030000
0 0.561719 0.748750 0.037500 0.027500
0 0.606641 0.746875 0.022656 0.023750
0 0.294141 0.734375 0.046094 0.021250
0 0.200391 0.886250 0.033594 0.022500
0 0.171875 0.749375 0.034375 0.021250
0 0.341016 0.588125 0.044531 0.023750
0 0.337891 0.490000 0.041406 0.020000
0 0.169141 0.635000 0.047656 0.020000
0 0.108594 0.510625 0.048438 0.023750
0 0.825781 0.627500 0.035937 0.022500
0 0.645703 0.555000 0.028906 0.015000
