0 0.636719 0.644375 0.039062 0.018750
1 0.012109 0.516875 0.022656 0.046250
1 0.029687 0.555625 0.026562 0.033750
1 0.012891 0.565625 0.024219 0.036250
1 0.204687 0.385000 0.040625 0.045000
1 0.122266 0.579375 0.039844 0.038750
1 0.131250 0.473125 0.045312 0.026250
0 0.129688 0.534375 0.040625 0.016250
1 0.192578 0.475625 0.039844 0.036250
1 0.273047 0.474375 0.033594 0.028750
1 0.232813 0.476250 0.040625 0.022500
1 0.235547 0.500625 0.047656 0.031250
1 0.266406 0.534375 0.028125 0.046250
1 0.237500 0.525000 0.032813 0.030000
1 0.327734 0.503125 0.041406 0.031250
1 0.422266 0.490625 0.036719 0.056250
1 0.402734 0.520000 0.041406 0.032500
1 0.296875 0.698750 0.032813 0.020000
1 0.319141 0.615000 0.036719 0.035000
1 0.331641 0.537500 0.036719 0.032500
1 0.309766 0.574375 0.041406 0.046250
1 0.397266 0.633750 0.035156 0.027500
1 0.468750 0.523750 0.029687 0.057500
1 0.434375 0.598125 0.035937 0.041250
1 0.451953 0.572500 0.028906 0.032500
1 0.441016 0.543125 0.038281 0.023750
1 0.549219 0.553750 0.039062 0.027500
1 0.559766 0.595625 0.038281 0.056250
1 0.598437 0.566875 0.034375 0.038750
1 0.633203 0.551250 0.028906 0.037500
1 0.704688 0.525625 0.071875 0.031250
1 0.779297 0.613750 0.032031 0.042500
1 0.797656 0.565625 0.032813 0.036250
1 0.846484 0.595000 0.036719 0.042500
0 0.634375 0.594375 0.034375 0.013750
1 0.693359 0.598750 0.036719 0.045000
1 0.735547 0.592500 0.041406 0.050000
1 0.710938 0.558125 0.068750 0.033750
0 0.619922 0.692500 0.047656 0.017500
0 0.073828 0.806250 0.041406 0.017500
0 0.072656 0.753750 0.039062 0.015000
0 0.073047 0.267500 0.042969 0.027500
0 0.108984 0.420625 0.044531 0.013750
0 0.317578 0.396875 0.042969 0.031250
0 0.390625 0.371250 0.040625 0.025000
0 0.477734 0.403125 0.035156 0.021250
0 0.483984 0.416875 0.041406 0.021250
0 0.734375 0.626250 0.031250 0.017500
1 0.170313 0.563125 0.035937 0.028750
0 0.141406 0.619375 0.039062 0.016250
0 0.230469 0.697500 0.039062 0.015000
0 0.364063 0.620000 0.039062 0.012500
0 0.838281 0.531875 0.040625 0.021250
