1 0.127344 0.504375 0.040625 0.046250
0 0.185547 0.556875 0.042969 0.023750
0 0.343359 0.554375 0.038281 0.026250
0 0.324609 0.585625 0.032031 0.021250
1 0.386328 0.607500 0.028906 0.035000
0 0.376172 0.544375 0.038281 0.026250
0 0.401562 0.534375 0.029687 0.021250
0 0.434375 0.543125 0.029687 0.021250
0 0.490234 0.551875 0.044531 0.016250
0 0.202344 0.748125 0.043750 0.016250
0 0.148828 0.697500 0.044531 0.022500
0 0.092188 0.708125 0.031250 0.013750
0 0.052344 0.515000 0.035937 0.017500
0 0.294141 0.633750 0.047656 0.017500
0 0.247266 0.647500 0.050781 0.015000
0 0.478516 0.682500 0.063281 0.025000
0 0.510547 0.646875 0.058594 0.018750
0 0.508594 0.623125 0.057813 0.018750
0 0.506641 0.585000 0.041406 0.022500
0 0.607812 0.644375 0.032813 0.026250
0 0.618750 0.593125 0.032813 0.026250
0 0.642188 0.531250 0.032813 0.020000
0 0.585938 0.559375 0.037500 0.026250
0 0.644531 0.575000 0.037500 0.015000
0 0.642969 0.611875 0.040625 0.016250
1 0.761719 0.622500 0.040625 0.030000
0 0.729297 0.672500 0.033594 0.022500
0 0.614062 0.680000 0.050000 0.022500
0 0.766016 0.648125 0.035156 0.021250
0 0.174609 0.366875 0.039844 0.031250
0 0.660547 0.710000 0.016406 0.020000
0 0.710156 0.538750 0.040625 0.027500
0 0.524219 0.702500 0.045312 0.022500
0 0.753516 0.566875 0.039844 0.016250
