1 0.008984 0.555000 0.016406 0.040000
1 0.100391 0.577500 0.041406 0.040000
1 0.178906 0.376875 0.040625 0.046250
1 0.103125 0.467500 0.042188 0.030000
1 0.166016 0.470625 0.039844 0.036250
1 0.241406 0.535625 0.034375 0.053750
1 0.209375 0.526250 0.032813 0.025000
1 0.241406 0.469375 0.032813 0.033750
1 0.208984 0.486250 0.052344 0.050000
1 0.272656 0.701875 0.032813 0.021250
1 0.293359 0.613125 0.039844 0.031250
1 0.303906 0.500625 0.042188 0.028750
1 0.307031 0.538750 0.037500 0.027500
1 0.280469 0.571875 0.040625 0.048750
1 0.374609 0.512500 0.036719 0.027500
1 0.393359 0.486250 0.047656 0.055000
1 0.369922 0.632500 0.036719 0.027500
1 0.410547 0.585625 0.038281 0.056250
1 0.442578 0.521875 0.035156 0.056250
1 0.419141 0.533125 0.033594 0.023750
1 0.517188 0.547500 0.040625 0.025000
1 0.535156 0.593125 0.039062 0.063750
1 0.574609 0.565000 0.033594 0.047500
1 0.607031 0.548125 0.034375 0.033750
1 0.683984 0.520000 0.035156 0.037500
1 0.681641 0.549375 0.053906 0.028750
1 0.669141 0.595000 0.032031 0.045000
1 0.706641 0.583125 0.042969 0.036250
1 0.752344 0.606875 0.026562 0.043750
1 0.770312 0.563750 0.035937 0.022500
1 0.843750 0.535625 0.031250 0.033750
1 0.859766 0.581875 0.036719 0.033750
1 0.820703 0.591875 0.036719 0.043750
0 0.038281 0.812500 0.040625 0.015000
0 0.046094 0.765000 0.037500 0.022500
0 0.041016 0.256250 0.042969 0.022500
0 0.074609 0.413750 0.036719 0.012500
0 0.089844 0.530000 0.046875 0.012500
0 0.107031 0.622500 0.042188 0.017500
1 0.141406 0.562500 0.035937 0.022500
0 0.283594 0.379375 0.039062 0.023750
0 0.355078 0.361875 0.042969 0.018750
0 0.447656 0.391250 0.032813 0.020000
0 0.449219 0.407500 0.042188 0.025000
0 0.580078 0.641250 0.046094 0.015000
0 0.581641 0.705625 0.046094 0.023750
0 0.702344 0.626875 0.032813 0.013750
0 0.604297 0.591875 0.036719 0.018750
0 0.804297 0.526875 0.038281 0.021250
0 0.189844 0.701250 0.053125 0.017500
0 0.652344 0.653750 0.048438 0.017500
