1 0.074219 0.573750 0.040625 0.037500
1 0.156641 0.373125 0.036719 0.043750
1 0.075781 0.465625 0.032813 0.031250
1 0.137500 0.467500 0.043750 0.032500
1 0.210547 0.465000 0.033594 0.030000
1 0.215625 0.535000 0.034375 0.047500
1 0.178906 0.526875 0.037500 0.026250
1 0.111719 0.558125 0.037500 0.021250
1 0.182031 0.485625 0.046875 0.046250
1 0.272656 0.619375 0.043750 0.031250
1 0.277734 0.503125 0.039844 0.031250
1 0.285938 0.539375 0.042188 0.028750
1 0.257812 0.572500 0.037500 0.052500
1 0.350000 0.507500 0.039062 0.032500
1 0.364453 0.473750 0.044531 0.050000
1 0.416016 0.516250 0.030469 0.057500
1 0.388281 0.530625 0.034375 0.033750
1 0.339453 0.634375 0.033594 0.028750
1 0.382812 0.573750 0.039062 0.027500
1 0.486328 0.544375 0.036719 0.026250
1 0.503516 0.595000 0.042969 0.060000
1 0.585156 0.545000 0.029687 0.037500
1 0.546094 0.545625 0.032813 0.031250
1 0.548828 0.575625 0.030469 0.026250
1 0.245703 0.708125 0.036719 0.021250
1 0.659766 0.515000 0.033594 0.027500
1 0.726562 0.608125 0.028125 0.041250
1 0.683203 0.588125 0.038281 0.041250
1 0.653906 0.544375 0.059375 0.036250
1 0.642188 0.589375 0.040625 0.051250
1 0.818750 0.533125 0.029687 0.038750
0 0.772266 0.528750 0.035156 0.017500
1 0.788281 0.545000 0.029687 0.025000
1 0.745703 0.562500 0.038281 0.025000
1 0.837891 0.585625 0.038281 0.038750
0 0.013281 0.818125 0.025000 0.018750
0 0.022266 0.775625 0.030469 0.018750
0 0.144922 0.705000 0.047656 0.020000
0 0.012109 0.247500 0.022656 0.017500
0 0.035937 0.412500 0.037500 0.010000
0 0.051953 0.530000 0.044531 0.015000
0 0.073438 0.626250 0.039062 0.020000
0 0.050781 0.604375 0.043750 0.016250
0 0.249219 0.366250 0.039062 0.025000
0 0.316406 0.350000 0.042188 0.025000
0 0.417187 0.382500 0.031250 0.022500
0 0.411328 0.396875 0.039844 0.023750
0 0.543750 0.715625 0.048438 0.016250
0 0.533203 0.640000 0.046094 0.017500
0 0.671875 0.630625 0.037500 0.016250
0 0.569531 0.594375 0.035937 0.013750
1 0.381641 0.605000 0.035156 0.027500
0 0.607422 0.668750 0.052344 0.015000
1 0.794141 0.588750 0.038281 0.055000
