0 0.387500 0.829375 0.040625 0.028750
0 0.521875 0.724375 0.045312 0.021250
0 0.571875 0.636250 0.039062 0.022500
0 0.545312 0.610000 0.039062 0.020000
1 0.448828 0.595625 0.041406 0.031250
0 0.266406 0.548125 0.035937 0.033750
0 0.144141 0.467500 0.032031 0.022500
0 0.183594 0.486875 0.042188 0.026250
0 0.039844 0.478750 0.035937 0.027500
0 0.039062 0.580000 0.031250 0.025000
0 0.778516 0.640625 0.042969 0.021250
0 0.549609 0.787500 0.019531 0.017500
0 0.287500 0.614375 0.034375 0.023750
0 0.370703 0.716250 0.041406 0.022500
0 0.289062 0.435000 0.042188 0.027500
0 0.651172 0.635000 0.036719 0.032500
0 0.682031 0.608125 0.031250 0.018750
0 0.642969 0.572500 0.050000 0.020000
0 0.585938 0.557500 0.050000 0.022500
0 0.487109 0.521875 0.033594 0.018750
0 0.451562 0.506250 0.037500 0.022500
0 0.716797 0.576250 0.032031 0.017500
0 0.744141 0.526875 0.027344 0.023750
0 0.650000 0.612500 0.034375 0.020000
0 0.734375 0.633750 0.031250 0.022500
0 0.829688 0.606875 0.035937 0.026250
1 0.134375 0.596250 0.032813 0.030000
0 0.035937 0.660000 0.042188 0.020000
0 0.283203 0.700000 0.035156 0.020000
0 0.318750 0.643125 0.045312 0.026250
0 0.176953 0.582500 0.039844 0.022500
0 0.680469 0.663125 0.029687 0.026250
0 0.062891 0.766250 0.046094 0.017500
0 0.314063 0.554375 0.034375 0.021250
0 0.262500 0.377500 0.043750 0.025000
0 0.262109 0.591250 0.038281 0.020000
0 0.257422 0.603750 0.028906 0.020000
0 0.321875 0.472500 0.035937 0.027500
