0 0.303906 0.331875 0.045312 0.023750
1 0.012891 0.553750 0.024219 0.040000
1 0.066016 0.443750 0.036719 0.027500
1 0.056641 0.590000 0.032031 0.025000
0 0.076172 0.673750 0.038281 0.015000
0 0.176172 0.740000 0.052344 0.015000
0 0.251172 0.560625 0.038281 0.021250
1 0.343359 0.658125 0.038281 0.026250
1 0.151953 0.610625 0.036719 0.048750
1 0.187891 0.578125 0.033594 0.023750
1 0.209375 0.550000 0.031250 0.040000
1 0.140234 0.565000 0.047656 0.032500
1 0.112891 0.517500 0.036719 0.042500
1 0.135156 0.488125 0.039062 0.026250
1 0.164062 0.527500 0.062500 0.047500
0 0.190234 0.486875 0.035156 0.021250
1 0.196484 0.443750 0.039844 0.035000
1 0.257422 0.464375 0.047656 0.031250
1 0.324609 0.483750 0.041406 0.027500
1 0.387500 0.542500 0.039062 0.062500
1 0.400391 0.613125 0.038281 0.041250
0 0.429688 0.579375 0.037500 0.021250
1 0.469531 0.511875 0.054688 0.051250
0 0.487891 0.556250 0.036719 0.020000
1 0.484375 0.585625 0.032813 0.026250
0 0.557813 0.545625 0.035937 0.018750
0 0.535547 0.484375 0.033594 0.018750
0 0.458594 0.434375 0.035937 0.018750
0 0.078516 0.372500 0.036719 0.020000
1 0.639062 0.595000 0.053125 0.050000
0 0.708594 0.574375 0.037500 0.023750
1 0.712891 0.529375 0.041406 0.053750
1 0.774219 0.570625 0.042188 0.048750
1 0.806250 0.544375 0.039062 0.048750
1 0.851953 0.568125 0.035156 0.028750
0 0.672656 0.531875 0.037500 0.023750
0 0.409766 0.456875 0.044531 0.023750
0 0.333984 0.518125 0.036719 0.018750
1 0.855078 0.601250 0.033594 0.035000
0 0.636328 0.490000 0.033594 0.025000
0 0.637891 0.542500 0.038281 0.017500
1 0.269141 0.509375 0.032031 0.031250
0 0.307031 0.761250 0.034375 0.022500
0 0.262891 0.751875 0.036719 0.018750
