0 0.046094 0.593125 0.040625 0.016250
0 0.012891 0.488750 0.024219 0.022500
0 0.162109 0.333125 0.035156 0.021250
0 0.127344 0.391250 0.034375 0.017500
0 0.232813 0.426875 0.026562 0.011250
0 0.392578 0.421250 0.035156 0.015000
0 0.355078 0.465000 0.032031 0.017500
0 0.354297 0.688750 0.039844 0.027500
0 0.505469 0.680000 0.037500 0.017500
0 0.528516 0.622500 0.038281 0.017500
0 0.585938 0.623125 0.034375 0.021250
0 0.425000 0.562500 0.035937 0.017500
0 0.409375 0.585000 0.032813 0.017500
0 0.309766 0.586250 0.039844 0.015000
0 0.271875 0.481875 0.034375 0.018750
0 0.119141 0.557500 0.033594 0.017500
0 0.107813 0.538750 0.039062 0.015000
0 0.148828 0.583750 0.038281 0.015000
0 0.326953 0.516250 0.033594 0.022500
1 0.078906 0.450000 0.048438 0.042500
1 0.084375 0.502500 0.042188 0.055000
1 0.131641 0.475625 0.039844 0.033750
1 0.171094 0.525625 0.035937 0.021250
1 0.176172 0.478125 0.038281 0.026250
1 0.212891 0.458750 0.036719 0.027500
1 0.263281 0.456875 0.037500 0.026250
1 0.230469 0.514375 0.046875 0.028750
1 0.187891 0.555625 0.033594 0.028750
1 0.379297 0.491250 0.039844 0.037500
1 0.434766 0.469375 0.038281 0.041250
1 0.465234 0.548750 0.036719 0.035000
0 0.469922 0.516875 0.032031 0.016250
1 0.489453 0.585000 0.046094 0.030000
1 0.528906 0.471875 0.025000 0.033750
1 0.512500 0.521875 0.035937 0.046250
1 0.544922 0.562500 0.032031 0.027500
1 0.596094 0.506250 0.031250 0.035000
1 0.594922 0.541875 0.035156 0.033750
1 0.663672 0.505000 0.039844 0.042500
1 0.653125 0.585000 0.031250 0.025000
1 0.675000 0.563750 0.040625 0.037500
1 0.764844 0.555625 0.032813 0.033750
1 0.733594 0.588125 0.046875 0.028750
1 0.783984 0.604375 0.035156 0.051250
1 0.850391 0.561250 0.041406 0.035000
1 0.839453 0.600000 0.041406 0.035000
1 0.237891 0.358125 0.039844 0.026250
1 0.555469 0.496250 0.029687 0.027500
1 0.587109 0.579375 0.036719 0.036250
0 0.609766 0.586875 0.022656 0.016250
0 0.571094 0.438750 0.034375 0.025000
0 0.791016 0.523750 0.039844 0.017500
0 0.372266 0.596250 0.032031 0.022500
