1 0.025391 0.454375 0.039844 0.038750
1 0.030078 0.571875 0.036719 0.036250
1 0.056641 0.559375 0.025781 0.021250
1 0.112891 0.360000 0.038281 0.045000
1 0.083203 0.458750 0.044531 0.045000
1 0.126953 0.523125 0.035156 0.031250
1 0.169141 0.531250 0.035156 0.050000
1 0.149219 0.456250 0.035937 0.025000
1 0.131641 0.478750 0.057031 0.050000
1 0.196484 0.714375 0.036719 0.023750
1 0.222656 0.617500 0.039062 0.035000
1 0.225000 0.493125 0.029687 0.028750
1 0.237891 0.531875 0.036719 0.026250
1 0.203906 0.559375 0.039062 0.051250
1 0.284766 0.632500 0.035156 0.027500
1 0.307422 0.459375 0.042969 0.041250
1 0.304297 0.497500 0.041406 0.042500
1 0.358984 0.495625 0.039844 0.033750
1 0.346484 0.525625 0.038281 0.028750
1 0.327734 0.571250 0.038281 0.027500
1 0.326172 0.605000 0.035156 0.027500
1 0.419531 0.537500 0.042188 0.022500
1 0.446875 0.584375 0.042188 0.058750
1 0.498437 0.535625 0.034375 0.023750
1 0.534766 0.545000 0.035156 0.030000
1 0.612500 0.508125 0.035937 0.031250
1 0.629687 0.588750 0.043750 0.045000
1 0.607031 0.540625 0.076563 0.033750
1 0.590234 0.589375 0.039844 0.053750
1 0.853906 0.651875 0.034375 0.026250
1 0.816016 0.620000 0.027344 0.042500
1 0.794141 0.582500 0.033594 0.035000
1 0.859375 0.573125 0.026562 0.041250
1 0.767969 0.527500 0.035937 0.032500
0 0.715625 0.523750 0.032813 0.020000
1 0.672656 0.598125 0.031250 0.036250
1 0.685937 0.556250 0.035937 0.022500
1 0.732422 0.561250 0.032031 0.030000
0 0.044922 0.714375 0.047656 0.021250
0 0.177734 0.333125 0.039844 0.021250
0 0.235547 0.321250 0.044531 0.022500
0 0.335547 0.371875 0.036719 0.016250
0 0.355469 0.360000 0.031250 0.020000
0 0.442578 0.637500 0.050781 0.010000
0 0.467578 0.744375 0.046094 0.023750
0 0.525391 0.700625 0.050781 0.021250
0 0.610156 0.635000 0.032813 0.012500
0 0.507031 0.594375 0.050000 0.011250
1 0.494141 0.570625 0.035156 0.031250
0 0.580469 0.495625 0.039062 0.018750
0 0.180078 0.608750 0.042969 0.015000
1 0.726172 0.611250 0.035156 0.052500
