0 0.063281 0.766875 0.043750 0.016250
0 0.658203 0.546875 0.036719 0.018750
0 0.580078 0.568125 0.030469 0.013750
0 0.024609 0.621250 0.038281 0.017500
0 0.084766 0.559375 0.039844 0.028750
0 0.050391 0.538750 0.038281 0.030000
0 0.093359 0.418750 0.046094 0.020000
1 0.136328 0.584375 0.032031 0.026250
0 0.092188 0.676875 0.039062 0.013750
1 0.144141 0.461250 0.035156 0.025000
0 0.180469 0.404375 0.040625 0.021250
0 0.173047 0.666875 0.041406 0.018750
1 0.192969 0.520000 0.043750 0.050000
1 0.237500 0.606875 0.037500 0.043750
1 0.217188 0.570000 0.048438 0.035000
1 0.281250 0.566250 0.051562 0.052500
1 0.230078 0.493750 0.058594 0.035000
1 0.244141 0.530625 0.061719 0.036250
1 0.269141 0.455625 0.039844 0.031250
0 0.283594 0.495000 0.035937 0.020000
0 0.345703 0.555000 0.036719 0.022500
1 0.345703 0.483125 0.041406 0.031250
1 0.402344 0.491250 0.032813 0.030000
1 0.437109 0.656875 0.039844 0.026250
1 0.480078 0.618750 0.041406 0.030000
1 0.469141 0.550625 0.039844 0.053750
0 0.426953 0.378750 0.044531 0.020000
0 0.292187 0.718750 0.045312 0.020000
0 0.506250 0.583750 0.034375 0.025000
1 0.557813 0.591250 0.034375 0.027500
1 0.546484 0.528125 0.060156 0.048750
0 0.559375 0.462500 0.035937 0.022500
0 0.635938 0.498750 0.043750 0.020000
1 0.787109 0.534375 0.035156 0.061250
1 0.713672 0.598125 0.063281 0.061250
1 0.852344 0.580000 0.028125 0.042500
0 0.801953 0.583125 0.036719 0.018750
0 0.081250 0.358125 0.042188 0.021250
0 0.750391 0.548125 0.041406 0.026250
0 0.516016 0.489375 0.038281 0.018750
0 0.719922 0.557500 0.028906 0.017500
1 0.344922 0.515000 0.030469 0.030000
0 0.408203 0.715000 0.035156 0.022500
0 0.357031 0.716250 0.034375 0.022500
