0 0.356250 0.519375 0.040625 0.023750
0 0.451953 0.445000 0.047656 0.025000
0 0.431641 0.478750 0.041406 0.022500
0 0.622656 0.535000 0.040625 0.020000
0 0.541797 0.590000 0.038281 0.015000
1 0.582031 0.609375 0.034375 0.031250
0 0.412109 0.564375 0.039844 0.028750
0 0.733203 0.573125 0.042969 0.018750
0 0.796875 0.625000 0.039062 0.025000
0 0.768359 0.643750 0.041406 0.030000
0 0.697656 0.650000 0.031250 0.022500
0 0.690625 0.634375 0.035937 0.026250
0 0.828906 0.571875 0.031250 0.016250
0 0.517188 0.645000 0.053125 0.022500
0 0.233203 0.657500 0.042969 0.022500
0 0.155859 0.578125 0.038281 0.021250
0 0.061719 0.502500 0.040625 0.022500
0 0.266016 0.493125 0.030469 0.023750
0 0.152344 0.483125 0.039062 0.018750
0 0.146094 0.513750 0.042188 0.027500
0 0.307422 0.585000 0.050781 0.025000
1 0.237109 0.600000 0.036719 0.030000
0 0.597656 0.751875 0.017188 0.016250
0 0.688281 0.710000 0.048438 0.020000
0 0.530859 0.761250 0.036719 0.025000
0 0.519531 0.700000 0.046875 0.020000
0 0.254297 0.738750 0.041406 0.020000
0 0.501953 0.510000 0.042969 0.027500
0 0.450781 0.566250 0.035937 0.025000
0 0.423438 0.693750 0.032813 0.025000
0 0.422266 0.614375 0.050781 0.031250
0 0.140625 0.752500 0.035937 0.020000
0 0.182031 0.506875 0.034375 0.026250
0 0.307031 0.484375 0.039062 0.018750
0 0.026562 0.636250 0.050000 0.022500
0 0.134766 0.636875 0.039844 0.021250
0 0.620703 0.549375 0.028906 0.011250
