0 0.580469 0.695625 0.029687 0.023750
0 0.632422 0.633750 0.041406 0.025000
0 0.687891 0.609375 0.047656 0.026250
1 0.803125 0.601875 0.032813 0.028750
0 0.400781 0.590625 0.037500 0.026250
0 0.646094 0.491875 0.032813 0.028750
0 0.600781 0.570000 0.032813 0.020000
0 0.569531 0.593125 0.037500 0.016250
0 0.528516 0.620625 0.038281 0.033750
0 0.499609 0.605625 0.038281 0.016250
0 0.439453 0.540625 0.038281 0.026250
0 0.280469 0.477500 0.042188 0.022500
0 0.128906 0.391250 0.045312 0.030000
0 0.071484 0.315625 0.041406 0.026250
0 0.320312 0.586875 0.031250 0.021250
0 0.118750 0.526875 0.039062 0.028750
0 0.148438 0.597500 0.035937 0.027500
0 0.113672 0.577500 0.036719 0.017500
0 0.100781 0.606250 0.040625 0.020000
0 0.123828 0.648750 0.053906 0.017500
0 0.238281 0.896250 0.039062 0.027500
0 0.355859 0.740625 0.038281 0.018750
0 0.496094 0.819375 0.020313 0.021250
0 0.748828 0.636875 0.027344 0.018750
0 0.351953 0.492500 0.039844 0.025000
0 0.146484 0.704375 0.041406 0.021250
0 0.018750 0.435625 0.035937 0.028750
1 0.028906 0.593750 0.032813 0.022500
0 0.758203 0.660000 0.033594 0.025000
0 0.607031 0.644375 0.039062 0.023750
0 0.649609 0.719375 0.016406 0.016250
0 0.717969 0.673125 0.039062 0.013750
0 0.769922 0.568125 0.039844 0.018750
0 0.485156 0.451875 0.039062 0.028750
0 0.216406 0.731250 0.042188 0.017500
0 0.438672 0.625000 0.035156 0.025000
0 0.472656 0.558125 0.035937 0.021250
0 0.138672 0.436875 0.044531 0.018750
0 0.179297 0.549375 0.036719 0.021250
