1 0.080469 0.311875 0.037500 0.041250
1 0.053906 0.385000 0.042188 0.050000
1 0.107031 0.638750 0.045312 0.035000
1 0.282031 0.591250 0.046875 0.055000
1 0.189453 0.542500 0.049219 0.025000
1 0.170313 0.573750 0.040625 0.065000
1 0.214844 0.571875 0.042188 0.038750
1 0.310547 0.505625 0.042969 0.038750
1 0.369922 0.427500 0.042969 0.042500
1 0.382031 0.500000 0.039062 0.032500
1 0.438281 0.555000 0.040625 0.052500
1 0.424609 0.526250 0.058594 0.025000
1 0.416016 0.503125 0.042969 0.041250
1 0.485156 0.558750 0.037500 0.032500
1 0.467578 0.664375 0.036719 0.026250
1 0.135937 0.888125 0.032813 0.036250
0 0.487109 0.500625 0.050781 0.021250
0 0.494531 0.520625 0.037500 0.023750
1 0.493750 0.596250 0.037500 0.055000
0 0.529297 0.556250 0.036719 0.032500
0 0.118359 0.566250 0.036719 0.027500
1 0.021484 0.665000 0.041406 0.030000
1 0.575391 0.556875 0.036719 0.043750
1 0.606641 0.519375 0.038281 0.041250
1 0.617188 0.550625 0.028125 0.048750
1 0.653516 0.548125 0.036719 0.043750
0 0.592578 0.631875 0.036719 0.031250
1 0.632812 0.622500 0.029687 0.035000
1 0.624219 0.596875 0.035937 0.028750
1 0.798828 0.565625 0.027344 0.028750
1 0.849219 0.528125 0.031250 0.033750
1 0.767969 0.595000 0.046875 0.025000
1 0.741016 0.617500 0.036719 0.057500
1 0.382812 0.566250 0.039062 0.022500
0 0.023047 0.461250 0.035156 0.017500
0 0.162500 0.395625 0.032813 0.018750
0 0.226562 0.355000 0.040625 0.022500
0 0.197656 0.403750 0.037500 0.017500
0 0.104297 0.490000 0.041406 0.022500
0 0.123047 0.518750 0.042969 0.017500
0 0.217188 0.495000 0.037500 0.017500
0 0.315234 0.351250 0.039844 0.022500
0 0.358594 0.371250 0.040625 0.022500
0 0.208984 0.430000 0.046094 0.020000
0 0.236328 0.533125 0.044531 0.013750
0 0.124609 0.716875 0.046094 0.023750
0 0.308203 0.748125 0.042969 0.016250
0 0.665625 0.459375 0.045312 0.018750
0 0.658203 0.500625 0.038281 0.021250
0 0.737500 0.498125 0.042188 0.021250
0 0.693750 0.490625 0.039062 0.021250
0 0.313672 0.385000 0.041406 0.022500
0 0.083984 0.610000 0.061719 0.017500
0 0.148047 0.748750 0.044531 0.025000
0 0.261719 0.685625 0.039062 0.018750
0 0.068750 0.414375 0.040625 0.018750
0 0.386719 0.590000 0.045312 0.015000
0 0.561328 0.505000 0.039844 0.030000
0 0.116016 0.447500 0.036719 0.020000
0 0.388672 0.540000 0.053906 0.020000
