0 0.083203 0.304375 0.035156 0.021250
0 0.334375 0.401875 0.035937 0.023750
0 0.352344 0.639375 0.039062 0.021250
0 0.275391 0.606875 0.042969 0.026250
0 0.243750 0.662500 0.035937 0.020000
0 0.060937 0.593125 0.042188 0.026250
0 0.074609 0.543125 0.036719 0.018750
1 0.658984 0.659375 0.033594 0.021250
1 0.650391 0.647500 0.047656 0.047500
0 0.453516 0.741250 0.028906 0.020000
0 0.430469 0.686875 0.028125 0.013750
0 0.454688 0.819375 0.020313 0.018750
0 0.543359 0.623750 0.039844 0.017500
0 0.491016 0.515625 0.038281 0.018750
0 0.391406 0.589375 0.031250 0.016250
0 0.388281 0.542500 0.035937 0.017500
0 0.223828 0.548750 0.030469 0.017500
0 0.536719 0.544375 0.034375 0.023750
1 0.521094 0.525625 0.032813 0.026250
0 0.739844 0.641875 0.039062 0.023750
0 0.447266 0.601875 0.038281 0.018750
0 0.267188 0.788750 0.035937 0.022500
0 0.218359 0.718125 0.046094 0.016250
0 0.581250 0.570000 0.039062 0.015000
0 0.305859 0.500000 0.042969 0.020000
0 0.312891 0.486250 0.039844 0.015000
0 0.117188 0.796250 0.048438 0.022500
0 0.078516 0.733750 0.049219 0.022500
0 0.197266 0.610625 0.049219 0.036250
0 0.200781 0.583750 0.043750 0.030000
1 0.708594 0.650625 0.028125 0.026250
0 0.341797 0.922500 0.021094 0.020000
1 0.832422 0.636250 0.032031 0.032500
0 0.469531 0.642500 0.037500 0.017500
0 0.443359 0.619375 0.044531 0.016250
0 0.708203 0.594375 0.042969 0.013750
0 0.757422 0.605000 0.033594 0.015000
0 0.587500 0.555000 0.031250 0.017500
0 0.741016 0.693125 0.041406 0.018750
0 0.707031 0.681250 0.043750 0.020000
