0 0.702734 0.684375 0.039844 0.021250
1 0.016797 0.611875 0.032031 0.056250
1 0.055859 0.580000 0.033594 0.030000
1 0.016406 0.555000 0.031250 0.035000
1 0.028125 0.515625 0.054688 0.036250
1 0.072266 0.536250 0.035156 0.030000
0 0.088281 0.561875 0.042188 0.018750
1 0.035156 0.474375 0.040625 0.031250
1 0.073438 0.423125 0.037500 0.041250
1 0.117969 0.438750 0.042188 0.030000
1 0.134766 0.494375 0.035156 0.028750
1 0.187891 0.471250 0.039844 0.030000
1 0.192188 0.657500 0.037500 0.025000
0 0.225781 0.393750 0.040625 0.022500
0 0.091406 0.252500 0.045312 0.025000
0 0.292187 0.380625 0.034375 0.021250
1 0.261719 0.528125 0.053125 0.066250
0 0.266797 0.593750 0.038281 0.022500
0 0.287109 0.572500 0.032031 0.017500
1 0.283984 0.621250 0.036719 0.032500
0 0.328516 0.544375 0.036719 0.016250
1 0.362109 0.581875 0.030469 0.028750
1 0.331641 0.493125 0.046094 0.058750
0 0.373828 0.463750 0.038281 0.017500
0 0.496094 0.518750 0.034375 0.012500
0 0.493359 0.540625 0.035156 0.018750
1 0.504687 0.590000 0.045312 0.047500
0 0.542969 0.471875 0.034375 0.016250
0 0.523828 0.491250 0.038281 0.030000
1 0.589063 0.527500 0.054688 0.035000
0 0.491797 0.403750 0.035156 0.022500
0 0.637500 0.456250 0.037500 0.020000
1 0.657031 0.537500 0.053125 0.037500
1 0.664844 0.578125 0.034375 0.031250
1 0.758203 0.518750 0.053906 0.027500
1 0.704297 0.528125 0.035156 0.031250
1 0.730469 0.557500 0.037500 0.035000
1 0.717969 0.596875 0.043750 0.043750
1 0.842578 0.562500 0.030469 0.037500
1 0.823438 0.528750 0.057813 0.030000
0 0.396484 0.543125 0.041406 0.013750
0 0.417969 0.517500 0.035937 0.017500
0 0.095312 0.811875 0.037500 0.021250
0 0.141406 0.832500 0.034375 0.022500
0 0.322266 0.680000 0.036719 0.020000
