0 0.186719 0.588750 0.035937 0.015000
0 0.200391 0.568750 0.035156 0.020000
0 0.229687 0.533750 0.035937 0.015000
0 0.008594 0.413750 0.015625 0.035000
1 0.036719 0.430000 0.035937 0.022500
1 0.103906 0.660625 0.045312 0.021250
1 0.105859 0.462500 0.038281 0.027500
1 0.212109 0.621875 0.036719 0.031250
1 0.171875 0.501250 0.042188 0.045000
1 0.188281 0.540000 0.034375 0.037500
0 0.279297 0.448125 0.036719 0.016250
0 0.305078 0.489375 0.033594 0.018750
1 0.288281 0.579375 0.031250 0.026250
1 0.250000 0.473125 0.035937 0.046250
1 0.244922 0.513750 0.032031 0.027500
0 0.400781 0.353125 0.034375 0.026250
0 0.445312 0.450000 0.032813 0.017500
0 0.423438 0.459375 0.039062 0.026250
0 0.450391 0.485000 0.028906 0.025000
0 0.409766 0.504375 0.030469 0.013750
0 0.400391 0.514375 0.033594 0.021250
1 0.418750 0.589375 0.039062 0.038750
1 0.510938 0.523750 0.050000 0.027500
1 0.577734 0.525000 0.039844 0.042500
1 0.595313 0.572500 0.031250 0.027500
0 0.614844 0.603125 0.037500 0.018750
0 0.546484 0.426250 0.035156 0.020000
1 0.695703 0.510625 0.033594 0.041250
1 0.628516 0.521250 0.033594 0.030000
1 0.653906 0.544375 0.039062 0.026250
1 0.646094 0.582500 0.040625 0.032500
1 0.828125 0.537500 0.032813 0.035000
1 0.773047 0.546875 0.039844 0.026250
1 0.731250 0.538125 0.032813 0.031250
1 0.764844 0.517500 0.026562 0.025000
1 0.055469 0.486250 0.029687 0.027500
0 0.116406 0.362500 0.040625 0.015000
0 0.192188 0.354375 0.039062 0.018750
0 0.591797 0.707500 0.030469 0.017500
0 0.462500 0.547500 0.032813 0.017500
0 0.509375 0.553125 0.048438 0.018750
0 0.355469 0.590000 0.034375 0.030000
0 0.390234 0.608750 0.032031 0.022500
0 0.221094 0.696250 0.039062 0.010000
0 0.630859 0.474375 0.032031 0.026250
0 0.855859 0.569375 0.032031 0.018750
