0 0.398047 0.646875 0.042969 0.021250
0 0.445312 0.805625 0.039062 0.028750
1 0.503516 0.602500 0.038281 0.025000
0 0.601172 0.617500 0.044531 0.020000
0 0.621875 0.640000 0.040625 0.025000
0 0.432812 0.711875 0.037500 0.018750
0 0.340234 0.618125 0.035156 0.033750
0 0.255078 0.496875 0.042969 0.028750
0 0.190625 0.476250 0.037500 0.030000
0 0.100000 0.492500 0.034375 0.027500
0 0.057031 0.496250 0.040625 0.027500
0 0.046484 0.462500 0.042969 0.025000
0 0.106250 0.658750 0.040625 0.022500
0 0.089063 0.576250 0.035937 0.022500
1 0.175781 0.597500 0.031250 0.025000
0 0.589453 0.720625 0.044531 0.018750
0 0.571094 0.771250 0.021875 0.017500
0 0.693750 0.635000 0.037500 0.030000
0 0.715234 0.615625 0.039844 0.023750
0 0.652344 0.566250 0.039062 0.025000
0 0.514453 0.513125 0.047656 0.026250
0 0.347266 0.450625 0.038281 0.026250
0 0.325000 0.549375 0.037500 0.031250
0 0.785937 0.539375 0.029687 0.021250
0 0.764844 0.575625 0.034375 0.026250
0 0.778516 0.630000 0.032031 0.017500
0 0.340625 0.695000 0.037500 0.022500
0 0.231250 0.586250 0.042188 0.025000
0 0.369922 0.556875 0.030469 0.021250
0 0.345703 0.409375 0.038281 0.033750
0 0.095312 0.925625 0.034375 0.018750
0 0.050391 0.761875 0.033594 0.016250
0 0.398047 0.490625 0.041406 0.026250
0 0.141797 0.755625 0.046094 0.026250
0 0.026953 0.640625 0.038281 0.023750
0 0.542969 0.533750 0.031250 0.015000
