0 0.152344 0.708125 0.042188 0.016250
0 0.126953 0.331250 0.032031 0.020000
1 0.009375 0.483125 0.017188 0.038750
1 0.049609 0.456875 0.033594 0.031250
1 0.044141 0.661250 0.035156 0.027500
1 0.161328 0.623750 0.039844 0.037500
0 0.127734 0.581875 0.036719 0.018750
0 0.144141 0.568125 0.028906 0.013750
1 0.137109 0.536250 0.033594 0.040000
1 0.115625 0.500000 0.037500 0.055000
0 0.163672 0.530625 0.038281 0.016250
1 0.191406 0.510000 0.032813 0.030000
1 0.193750 0.461875 0.032813 0.048750
0 0.340234 0.318750 0.033594 0.025000
0 0.480469 0.406875 0.039062 0.018750
0 0.360547 0.445000 0.033594 0.017500
0 0.380078 0.437500 0.028906 0.015000
0 0.396094 0.475625 0.031250 0.018750
1 0.238672 0.575000 0.035156 0.032500
0 0.292969 0.591250 0.040625 0.022500
0 0.332813 0.604375 0.034375 0.023750
1 0.367578 0.589375 0.050781 0.041250
0 0.332813 0.500625 0.035937 0.016250
0 0.396484 0.540625 0.042969 0.016250
1 0.457813 0.515625 0.062500 0.031250
1 0.522656 0.518125 0.040625 0.046250
1 0.542188 0.568750 0.035937 0.035000
0 0.550000 0.601875 0.035937 0.018750
0 0.582422 0.463750 0.028906 0.022500
1 0.573828 0.516875 0.033594 0.031250
1 0.585547 0.584375 0.032031 0.031250
1 0.604297 0.552500 0.035156 0.042500
1 0.645703 0.502500 0.032031 0.040000
0 0.663281 0.542500 0.037500 0.017500
1 0.728906 0.540000 0.040625 0.027500
1 0.780078 0.528125 0.030469 0.038750
0 0.804297 0.560000 0.038281 0.022500
0 0.446094 0.542500 0.048438 0.017500
0 0.530078 0.718125 0.035156 0.021250
1 0.340234 0.568750 0.032031 0.040000
0 0.232031 0.545000 0.035937 0.017500
1 0.612109 0.508750 0.027344 0.030000
