0 0.093750 0.708750 0.046875 0.020000
1 0.133984 0.366875 0.039844 0.046250
1 0.051562 0.460000 0.039062 0.037500
1 0.052344 0.574375 0.043750 0.036250
1 0.085156 0.558125 0.026562 0.016250
1 0.112109 0.462500 0.041406 0.040000
1 0.175781 0.461250 0.037500 0.032500
1 0.153906 0.525000 0.034375 0.032500
1 0.150781 0.483750 0.054688 0.045000
1 0.193359 0.533125 0.033594 0.048750
1 0.251172 0.500000 0.035156 0.032500
1 0.264062 0.535625 0.037500 0.023750
1 0.246875 0.613125 0.039062 0.033750
1 0.230859 0.564375 0.041406 0.053750
1 0.310937 0.634375 0.040625 0.031250
1 0.335938 0.466250 0.042188 0.045000
1 0.330859 0.506250 0.044531 0.040000
1 0.364844 0.530000 0.045312 0.030000
1 0.390234 0.502500 0.032031 0.052500
1 0.360156 0.572500 0.046875 0.025000
1 0.348047 0.605625 0.038281 0.033750
1 0.448828 0.543125 0.041406 0.021250
1 0.477734 0.589375 0.039844 0.063750
1 0.559375 0.546250 0.029687 0.032500
1 0.524609 0.542500 0.035156 0.022500
1 0.522656 0.571250 0.029687 0.027500
1 0.634375 0.513750 0.034375 0.032500
1 0.652734 0.586875 0.050781 0.051250
1 0.630469 0.547500 0.070312 0.035000
1 0.610547 0.590625 0.039844 0.061250
1 0.816016 0.582500 0.033594 0.037500
1 0.836719 0.630625 0.026562 0.053750
1 0.698438 0.601250 0.026562 0.040000
1 0.796484 0.531250 0.032031 0.035000
0 0.744531 0.520625 0.039062 0.028750
1 0.758594 0.546250 0.032813 0.022500
1 0.715625 0.558750 0.040625 0.030000
1 0.221484 0.710625 0.036719 0.023750
0 0.016797 0.529375 0.032031 0.013750
0 0.036328 0.631875 0.042969 0.018750
0 0.019141 0.609375 0.036719 0.018750
0 0.213281 0.350625 0.035937 0.021250
0 0.275781 0.338125 0.042188 0.021250
0 0.388281 0.370625 0.034375 0.018750
0 0.373047 0.386875 0.036719 0.021250
0 0.507031 0.730625 0.043750 0.026250
0 0.487500 0.638750 0.051562 0.015000
0 0.642188 0.635000 0.037500 0.017500
0 0.560547 0.681250 0.036719 0.022500
1 0.763281 0.597500 0.034375 0.040000
