1 0.040234 0.344375 0.035156 0.046250
1 0.013672 0.445625 0.025781 0.043750
1 0.045703 0.517500 0.035156 0.032500
1 0.065625 0.449375 0.046875 0.023750
1 0.050000 0.471250 0.057813 0.052500
1 0.096094 0.522500 0.037500 0.052500
1 0.116016 0.555625 0.038281 0.048750
1 0.120313 0.728750 0.035937 0.025000
1 0.147656 0.620000 0.042188 0.030000
1 0.156250 0.490000 0.029687 0.035000
1 0.161328 0.540000 0.046094 0.045000
1 0.223828 0.437500 0.047656 0.032500
1 0.230469 0.480625 0.035937 0.043750
1 0.199609 0.633750 0.036719 0.030000
1 0.239453 0.608750 0.033594 0.030000
1 0.244141 0.566875 0.039844 0.033750
1 0.278516 0.483750 0.044531 0.030000
1 0.273438 0.518125 0.048438 0.033750
1 0.317578 0.525000 0.039844 0.025000
1 0.369922 0.575000 0.049219 0.057500
1 0.423047 0.521875 0.030469 0.028750
1 0.422266 0.573750 0.030469 0.025000
1 0.462891 0.539375 0.032031 0.033750
1 0.539453 0.497500 0.039844 0.030000
1 0.551953 0.588750 0.041406 0.052500
1 0.508984 0.585625 0.042969 0.053750
1 0.524609 0.536875 0.077344 0.033750
1 0.853906 0.578750 0.032813 0.050000
1 0.829297 0.605000 0.030469 0.025000
1 0.822656 0.545000 0.031250 0.025000
1 0.781250 0.567500 0.032813 0.045000
1 0.773828 0.652500 0.038281 0.017500
1 0.744531 0.620000 0.031250 0.040000
1 0.727344 0.578125 0.032813 0.043750
1 0.694141 0.519375 0.038281 0.028750
1 0.592578 0.590625 0.028906 0.031250
0 0.625000 0.516875 0.034375 0.028750
1 0.640625 0.546250 0.050000 0.047500
1 0.589063 0.553125 0.031250 0.026250
0 0.040625 0.600000 0.051562 0.012500
0 0.076172 0.291875 0.041406 0.023750
0 0.119141 0.286250 0.047656 0.022500
0 0.227344 0.343750 0.046875 0.025000
0 0.262500 0.321875 0.037500 0.018750
0 0.291016 0.635625 0.052344 0.013750
0 0.348828 0.781250 0.049219 0.020000
0 0.394531 0.747500 0.050000 0.017500
0 0.515234 0.640000 0.039844 0.015000
0 0.481641 0.479375 0.046094 0.016250
0 0.700391 0.650000 0.039844 0.015000
1 0.628906 0.603750 0.035937 0.035000
0 0.314063 0.664375 0.042188 0.013750
0 0.490625 0.461875 0.040625 0.018750
