0 0.562891 0.712500 0.036719 0.017500
1 0.014063 0.424375 0.026562 0.026250
1 0.029687 0.481875 0.026562 0.026250
1 0.075391 0.662500 0.044531 0.025000
1 0.185938 0.622500 0.039062 0.035000
1 0.080078 0.458750 0.035156 0.027500
0 0.081641 0.350625 0.041406 0.018750
0 0.158203 0.342500 0.036719 0.017500
0 0.155078 0.587500 0.035156 0.017500
0 0.172656 0.568750 0.029687 0.015000
0 0.200000 0.532500 0.039062 0.015000
0 0.244141 0.443750 0.035156 0.012500
0 0.269531 0.485000 0.043750 0.020000
0 0.369922 0.335625 0.033594 0.023750
1 0.143359 0.500625 0.039844 0.048750
1 0.163281 0.536250 0.035937 0.037500
1 0.218359 0.513750 0.032031 0.030000
1 0.223828 0.468125 0.038281 0.048750
1 0.265234 0.577500 0.032031 0.027500
1 0.394141 0.587500 0.041406 0.030000
0 0.362891 0.506250 0.032031 0.012500
0 0.384766 0.500000 0.035156 0.015000
0 0.413672 0.446250 0.038281 0.015000
0 0.394141 0.453125 0.036719 0.026250
0 0.422266 0.479375 0.033594 0.021250
1 0.510547 0.414375 0.033594 0.016250
1 0.482812 0.520625 0.056250 0.026250
0 0.432031 0.542500 0.037500 0.017500
0 0.478906 0.551250 0.051562 0.020000
0 0.583594 0.606250 0.032813 0.022500
1 0.551172 0.519375 0.036719 0.041250
1 0.569922 0.571875 0.035156 0.028750
1 0.805078 0.531250 0.030469 0.040000
1 0.742188 0.516875 0.032813 0.018750
1 0.700781 0.530625 0.034375 0.026250
1 0.752344 0.545000 0.037500 0.030000
1 0.671484 0.507500 0.036719 0.040000
1 0.601953 0.521250 0.038281 0.030000
1 0.627344 0.548125 0.037500 0.028750
1 0.619922 0.580000 0.042969 0.035000
0 0.323047 0.586875 0.032031 0.021250
0 0.364844 0.604375 0.035937 0.021250
0 0.185156 0.703750 0.040625 0.012500
0 0.268359 0.681250 0.042969 0.015000
1 0.860547 0.558750 0.027344 0.040000
0 0.608594 0.468125 0.031250 0.023750
0 0.830078 0.565000 0.033594 0.017500
1 0.643359 0.511250 0.028906 0.027500
