0 0.117578 0.856875 0.044531 0.021250
1 0.014453 0.628750 0.027344 0.030000
1 0.018359 0.533750 0.035156 0.027500
1 0.074219 0.548125 0.040625 0.031250
1 0.069141 0.609375 0.035156 0.023750
1 0.035156 0.506250 0.035937 0.025000
1 0.007422 0.480000 0.013281 0.022500
1 0.056250 0.390625 0.037500 0.023750
1 0.118750 0.463125 0.031250 0.028750
1 0.111328 0.500000 0.047656 0.037500
1 0.063281 0.433750 0.031250 0.037500
0 0.022266 0.411250 0.042969 0.020000
0 0.150391 0.566250 0.044531 0.017500
0 0.197266 0.611875 0.041406 0.016250
0 0.327734 0.655625 0.041406 0.018750
0 0.250000 0.660000 0.039062 0.015000
1 0.265234 0.581250 0.035156 0.022500
1 0.191406 0.548750 0.039062 0.035000
1 0.220312 0.572500 0.037500 0.030000
1 0.271484 0.486250 0.030469 0.025000
0 0.273047 0.448125 0.042969 0.018750
0 0.484375 0.686250 0.045312 0.017500
0 0.349609 0.461250 0.039844 0.022500
1 0.317188 0.521875 0.035937 0.036250
1 0.391797 0.473125 0.035156 0.031250
1 0.419141 0.570625 0.060156 0.038750
1 0.357812 0.597500 0.064062 0.050000
1 0.373828 0.505625 0.053906 0.026250
1 0.373828 0.544375 0.078906 0.046250
1 0.534375 0.506250 0.042188 0.030000
1 0.486328 0.505625 0.046094 0.028750
0 0.465234 0.423750 0.052344 0.020000
0 0.439453 0.503750 0.041406 0.020000
0 0.634375 0.581250 0.032813 0.015000
1 0.603125 0.618125 0.040625 0.028750
1 0.589453 0.563750 0.033594 0.027500
1 0.614844 0.549375 0.043750 0.023750
0 0.503516 0.551875 0.035156 0.018750
1 0.667969 0.533125 0.032813 0.023750
1 0.681250 0.591250 0.032813 0.030000
1 0.691016 0.553750 0.049219 0.050000
1 0.844922 0.609375 0.057031 0.053750
1 0.080078 0.460625 0.025781 0.043750
1 0.589453 0.656250 0.033594 0.027500
0 0.633203 0.458125 0.046094 0.021250
0 0.107422 0.685625 0.044531 0.021250
0 0.268359 0.726250 0.047656 0.017500
