1 0.017578 0.629375 0.033594 0.033750
1 0.025000 0.432500 0.032813 0.047500
1 0.032422 0.500000 0.038281 0.030000
0 0.030859 0.539375 0.035156 0.018750
0 0.108984 0.596250 0.035156 0.015000
0 0.148047 0.600625 0.039844 0.018750
0 0.325391 0.760000 0.033594 0.020000
1 0.091016 0.571875 0.035156 0.031250
0 0.158203 0.213125 0.030469 0.018750
0 0.287109 0.345000 0.035156 0.020000
0 0.181641 0.394375 0.041406 0.021250
0 0.232813 0.446250 0.032813 0.015000
0 0.137109 0.451250 0.036719 0.017500
0 0.182422 0.471875 0.032031 0.016250
0 0.232031 0.510000 0.034375 0.015000
0 0.271094 0.508125 0.032813 0.013750
0 0.269141 0.526875 0.036719 0.013750
1 0.170703 0.553750 0.039844 0.042500
1 0.199219 0.586250 0.043750 0.037500
1 0.312109 0.509375 0.049219 0.048750
1 0.352734 0.493750 0.061719 0.047500
0 0.350781 0.599375 0.039062 0.021250
0 0.444922 0.416875 0.030469 0.021250
0 0.672656 0.653125 0.039062 0.016250
0 0.637891 0.601875 0.049219 0.016250
0 0.790625 0.604375 0.040625 0.016250
0 0.736719 0.593125 0.026562 0.023750
1 0.495703 0.485625 0.030469 0.033750
1 0.403906 0.563750 0.037500 0.027500
0 0.374219 0.571250 0.028125 0.015000
1 0.418359 0.498750 0.028906 0.025000
1 0.441797 0.534375 0.055469 0.033750
0 0.450391 0.568750 0.032031 0.020000
0 0.635156 0.531250 0.035937 0.022500
0 0.678516 0.553125 0.035156 0.013750
1 0.699609 0.564375 0.036719 0.038750
1 0.742578 0.528125 0.036719 0.043750
1 0.832422 0.540000 0.033594 0.037500
1 0.796484 0.576875 0.075781 0.041250
0 0.503516 0.520625 0.033594 0.018750
1 0.454297 0.484375 0.032031 0.023750
1 0.585156 0.519375 0.029687 0.041250
1 0.643359 0.499375 0.038281 0.033750
1 0.692969 0.526250 0.068750 0.035000
0 0.430469 0.431250 0.045312 0.015000
0 0.200781 0.523125 0.037500 0.021250
0 0.459766 0.459375 0.028906 0.016250
