0 0.769922 0.583125 0.039844 0.021250
0 0.043359 0.350000 0.042969 0.020000
0 0.055078 0.413125 0.038281 0.018750
0 0.027344 0.776875 0.046875 0.021250
0 0.059375 0.677500 0.037500 0.020000
1 0.056641 0.558125 0.039844 0.031250
1 0.023828 0.535625 0.039844 0.031250
1 0.119141 0.457500 0.032031 0.027500
0 0.147266 0.391875 0.038281 0.018750
1 0.110156 0.586875 0.029687 0.028750
1 0.207031 0.607500 0.032813 0.050000
1 0.164844 0.519375 0.039062 0.041250
1 0.192188 0.568750 0.051562 0.030000
1 0.255859 0.562500 0.053906 0.052500
0 0.257422 0.492500 0.032031 0.022500
1 0.248828 0.451250 0.038281 0.032500
1 0.202344 0.488125 0.062500 0.033750
1 0.215625 0.527500 0.060937 0.045000
1 0.316797 0.473750 0.044531 0.030000
1 0.374219 0.489375 0.039062 0.031250
0 0.315234 0.557500 0.035156 0.025000
0 0.388281 0.363125 0.050000 0.023750
0 0.139063 0.670625 0.042188 0.018750
0 0.253125 0.726250 0.043750 0.020000
1 0.404687 0.655000 0.035937 0.027500
1 0.455078 0.613125 0.039844 0.036250
0 0.477344 0.583750 0.029687 0.022500
1 0.438281 0.550625 0.048438 0.066250
1 0.533594 0.590625 0.034375 0.026250
1 0.523828 0.520000 0.057031 0.047500
0 0.527344 0.454375 0.039062 0.018750
0 0.600781 0.493125 0.040625 0.018750
0 0.624219 0.545625 0.032813 0.018750
0 0.548047 0.565000 0.035156 0.015000
1 0.855469 0.549375 0.039062 0.046250
1 0.826953 0.578125 0.035156 0.048750
1 0.689453 0.597500 0.064844 0.052500
1 0.760547 0.531250 0.042969 0.057500
0 0.722656 0.545625 0.039062 0.023750
0 0.482812 0.480000 0.039062 0.020000
0 0.394141 0.532500 0.033594 0.017500
0 0.693359 0.549375 0.030469 0.016250
0 0.373047 0.733125 0.036719 0.021250
0 0.329688 0.727500 0.035937 0.017500
