0 0.317578 0.740625 0.046094 0.023750
0 0.290625 0.586250 0.032813 0.022500
0 0.368750 0.585625 0.039062 0.026250
0 0.509375 0.615625 0.040625 0.038750
0 0.477734 0.588125 0.044531 0.021250
0 0.412500 0.620625 0.035937 0.026250
0 0.665625 0.608750 0.050000 0.020000
0 0.558203 0.701875 0.030469 0.023750
0 0.578125 0.645625 0.042188 0.021250
0 0.601172 0.631250 0.044531 0.027500
0 0.122656 0.594375 0.034375 0.023750
0 0.087500 0.525625 0.035937 0.031250
0 0.409375 0.538125 0.039062 0.021250
0 0.103516 0.387500 0.035156 0.020000
0 0.242188 0.470625 0.042188 0.026250
0 0.103906 0.427500 0.042188 0.027500
0 0.211719 0.908750 0.037500 0.030000
0 0.484375 0.825000 0.020313 0.025000
0 0.577344 0.571875 0.026562 0.018750
0 0.621094 0.485000 0.029687 0.020000
1 0.787500 0.596250 0.032813 0.030000
0 0.325391 0.489375 0.039844 0.021250
0 0.083984 0.575000 0.035156 0.017500
0 0.066016 0.603125 0.042969 0.021250
0 0.083984 0.650625 0.042969 0.016250
0 0.114062 0.703750 0.040625 0.020000
0 0.736719 0.664375 0.034375 0.021250
0 0.726562 0.636250 0.040625 0.025000
0 0.740625 0.570625 0.046875 0.023750
0 0.680078 0.675625 0.041406 0.018750
0 0.820312 0.686875 0.037500 0.016250
0 0.635156 0.724375 0.017188 0.021250
0 0.457422 0.443750 0.035156 0.027500
1 0.010547 0.589375 0.019531 0.036250
0 0.033984 0.301875 0.046094 0.028750
0 0.181250 0.736250 0.035937 0.017500
0 0.436328 0.555000 0.041406 0.020000
0 0.151172 0.546250 0.038281 0.020000
