0 0.397656 0.581250 0.043750 0.027500
0 0.407422 0.630625 0.050781 0.021250
0 0.375781 0.646875 0.046875 0.023750
0 0.678125 0.576875 0.043750 0.021250
0 0.610547 0.565625 0.047656 0.023750
0 0.586719 0.588750 0.045312 0.022500
0 0.506641 0.559375 0.036719 0.028750
0 0.465234 0.555625 0.036719 0.031250
1 0.448828 0.605625 0.038281 0.026250
1 0.033594 0.608125 0.035937 0.033750
1 0.029687 0.586875 0.040625 0.038750
1 0.177734 0.513125 0.035156 0.043750
0 0.832812 0.631250 0.029687 0.025000
0 0.702734 0.599375 0.030469 0.026250
0 0.689453 0.654375 0.035156 0.026250
0 0.575781 0.678750 0.048438 0.015000
0 0.691016 0.679375 0.038281 0.023750
0 0.278516 0.404375 0.039844 0.026250
0 0.296094 0.561250 0.034375 0.022500
0 0.631250 0.643125 0.043750 0.023750
0 0.105078 0.258125 0.035156 0.028750
0 0.250391 0.698750 0.036719 0.022500
0 0.321875 0.740000 0.039062 0.022500
0 0.195703 0.696250 0.050781 0.022500
0 0.732031 0.559375 0.035937 0.026250
0 0.140234 0.526250 0.038281 0.022500
0 0.639453 0.684375 0.044531 0.021250
