1 0.015625 0.466250 0.029687 0.065000
1 0.030469 0.446875 0.029687 0.026250
1 0.007031 0.344375 0.012500 0.066250
1 0.048047 0.516250 0.033594 0.045000
1 0.060156 0.551875 0.042188 0.048750
1 0.102734 0.483750 0.032031 0.022500
1 0.115625 0.533125 0.048438 0.048750
1 0.072266 0.738750 0.032031 0.022500
1 0.096484 0.623125 0.042969 0.031250
1 0.141016 0.628750 0.035156 0.022500
1 0.182422 0.610000 0.038281 0.030000
1 0.186719 0.559375 0.034375 0.033750
1 0.160938 0.419375 0.048438 0.033750
1 0.177344 0.468125 0.045312 0.053750
1 0.227344 0.477500 0.043750 0.027500
1 0.217969 0.513750 0.035937 0.032500
1 0.253125 0.515625 0.034375 0.018750
1 0.309766 0.570625 0.049219 0.048750
1 0.371484 0.506875 0.033594 0.026250
1 0.407422 0.532500 0.032031 0.032500
1 0.367188 0.575625 0.040625 0.026250
1 0.490234 0.490000 0.035156 0.037500
1 0.493750 0.582500 0.037500 0.062500
1 0.471094 0.528125 0.073438 0.036250
1 0.455078 0.580625 0.038281 0.056250
1 0.534375 0.550625 0.034375 0.026250
1 0.540625 0.586875 0.029687 0.036250
1 0.642188 0.516875 0.028125 0.033750
1 0.579688 0.550000 0.025000 0.027500
1 0.602734 0.530625 0.036719 0.036250
1 0.683203 0.573750 0.033594 0.040000
1 0.724609 0.558125 0.047656 0.033750
1 0.708594 0.653750 0.040625 0.030000
1 0.698047 0.613750 0.039844 0.037500
1 0.775781 0.600000 0.028125 0.025000
1 0.805469 0.566875 0.037500 0.046250
1 0.774609 0.541250 0.025781 0.032500
0 0.566797 0.514375 0.035156 0.023750
0 0.199609 0.635000 0.041406 0.015000
0 0.042969 0.259375 0.042188 0.021250
0 0.151172 0.319375 0.039844 0.021250
0 0.203516 0.298750 0.035156 0.020000
0 0.275781 0.807500 0.042188 0.015000
0 0.309766 0.778750 0.049219 0.020000
0 0.452344 0.645000 0.037500 0.017500
0 0.629687 0.661875 0.040625 0.016250
0 0.410156 0.467500 0.039062 0.017500
0 0.274609 0.573125 0.033594 0.013750
0 0.738672 0.582500 0.030469 0.015000
0 0.335938 0.603750 0.042188 0.017500
0 0.369922 0.649375 0.036719 0.016250
0 0.429297 0.695000 0.042969 0.020000
0 0.416016 0.443750 0.039844 0.022500
0 0.247266 0.671875 0.041406 0.016250
