1 0.232422 0.490000 0.052344 0.035000
1 0.067578 0.911250 0.036719 0.032500
1 0.026562 0.640625 0.045312 0.038750
1 0.013672 0.292500 0.025781 0.027500
1 0.015625 0.371250 0.029687 0.050000
1 0.041016 0.559375 0.033594 0.031250
1 0.108203 0.530625 0.050781 0.028750
1 0.100391 0.573750 0.049219 0.057500
1 0.132031 0.568125 0.050000 0.036250
1 0.214844 0.584375 0.035937 0.048750
1 0.398047 0.678750 0.035156 0.020000
1 0.298828 0.408125 0.041406 0.038750
1 0.302344 0.486875 0.043750 0.033750
1 0.365234 0.546875 0.036719 0.051250
1 0.343750 0.514375 0.053125 0.031250
1 0.334766 0.492500 0.032031 0.030000
1 0.396875 0.488125 0.042188 0.021250
1 0.426563 0.510625 0.039062 0.031250
1 0.430469 0.548750 0.060937 0.027500
1 0.414062 0.580625 0.032813 0.041250
1 0.499609 0.539375 0.035156 0.041250
1 0.507031 0.633750 0.037500 0.030000
1 0.542188 0.598125 0.039062 0.031250
1 0.525000 0.501875 0.037500 0.038750
1 0.540234 0.549375 0.032031 0.038750
1 0.569141 0.576875 0.036719 0.026250
1 0.575391 0.535000 0.030469 0.045000
1 0.291797 0.563750 0.036719 0.027500
1 0.667969 0.595000 0.037500 0.067500
1 0.696094 0.575625 0.031250 0.041250
1 0.723828 0.558125 0.039844 0.033750
1 0.794141 0.531875 0.052344 0.026250
1 0.802734 0.601875 0.046094 0.046250
1 0.805859 0.551875 0.046094 0.038750
1 0.840234 0.576875 0.032031 0.053750
0 0.041797 0.784375 0.039844 0.013750
0 0.030859 0.738125 0.036719 0.011250
0 0.206641 0.770000 0.042969 0.017500
0 0.178906 0.718125 0.032813 0.016250
0 0.019531 0.509375 0.037500 0.016250
0 0.023828 0.479375 0.046094 0.021250
0 0.042578 0.428750 0.033594 0.015000
0 0.082422 0.409375 0.042969 0.016250
0 0.074219 0.377500 0.037500 0.022500
0 0.110547 0.316875 0.046094 0.021250
0 0.213281 0.314375 0.042188 0.021250
0 0.252344 0.335000 0.042188 0.025000
0 0.214062 0.358750 0.037500 0.020000
0 0.283203 0.602500 0.041406 0.017500
0 0.286328 0.541250 0.041406 0.015000
0 0.457422 0.456875 0.036719 0.026250
0 0.545703 0.421875 0.039844 0.018750
0 0.598828 0.452500 0.036719 0.022500
0 0.632812 0.465625 0.035937 0.021250
0 0.561719 0.486875 0.042188 0.023750
0 0.114844 0.483125 0.039062 0.018750
0 0.251563 0.443125 0.039062 0.016250
1 0.342969 0.533125 0.026562 0.031250
1 0.411328 0.611875 0.030469 0.028750
