0 0.180469 0.568125 0.035937 0.013750
0 0.157031 0.840625 0.043750 0.016250
0 0.044141 0.286250 0.050781 0.020000
0 0.235547 0.609375 0.044531 0.016250
0 0.362109 0.653125 0.038281 0.013750
0 0.520703 0.680625 0.041406 0.016250
0 0.663281 0.582500 0.032813 0.020000
0 0.472656 0.506250 0.032813 0.015000
1 0.026172 0.626875 0.042969 0.033750
1 0.039453 0.534375 0.046094 0.021250
1 0.035547 0.476875 0.035156 0.023750
1 0.056641 0.509375 0.032031 0.026250
1 0.096484 0.610000 0.035156 0.022500
1 0.102344 0.551250 0.040625 0.035000
1 0.087109 0.400625 0.035156 0.021250
0 0.055859 0.415625 0.038281 0.018750
1 0.089453 0.440000 0.030469 0.040000
1 0.146484 0.466250 0.036719 0.030000
1 0.143359 0.503750 0.052344 0.035000
1 0.217188 0.554375 0.032813 0.038750
1 0.247266 0.573750 0.030469 0.032500
1 0.289844 0.581250 0.032813 0.025000
1 0.296484 0.495625 0.039844 0.026250
1 0.338281 0.525625 0.035937 0.033750
1 0.418359 0.480000 0.041406 0.032500
1 0.446094 0.575000 0.057813 0.035000
1 0.381250 0.600000 0.065625 0.055000
1 0.404297 0.511250 0.052344 0.042500
1 0.395703 0.545625 0.067969 0.051250
1 0.562500 0.508750 0.039062 0.025000
1 0.499609 0.539375 0.035156 0.026250
1 0.512891 0.507500 0.044531 0.032500
1 0.615625 0.565000 0.037500 0.040000
1 0.647656 0.553125 0.053125 0.033750
1 0.624219 0.614375 0.040625 0.031250
1 0.617578 0.653125 0.038281 0.036250
1 0.698047 0.535625 0.028906 0.031250
1 0.707031 0.592500 0.029687 0.032500
1 0.720703 0.557500 0.044531 0.050000
0 0.305859 0.453750 0.039844 0.017500
0 0.503906 0.434375 0.046875 0.021250
0 0.280078 0.656875 0.038281 0.016250
0 0.305859 0.416875 0.046094 0.023750
0 0.384375 0.470625 0.039062 0.021250
0 0.538281 0.554375 0.040625 0.016250
1 0.854688 0.603125 0.037500 0.041250
1 0.106641 0.466875 0.027344 0.041250
0 0.311719 0.717500 0.039062 0.020000
0 0.145313 0.682500 0.048438 0.015000
