0 0.264844 0.381250 0.035937 0.030000
0 0.102734 0.601875 0.052344 0.033750
0 0.125000 0.576250 0.043750 0.025000
0 0.186328 0.604375 0.041406 0.028750
0 0.199219 0.470625 0.051562 0.023750
0 0.150000 0.536250 0.034375 0.020000
0 0.049609 0.634375 0.039844 0.031250
0 0.443359 0.619375 0.042969 0.021250
0 0.357422 0.691875 0.036719 0.016250
0 0.369141 0.634375 0.038281 0.018750
0 0.162500 0.662500 0.039062 0.015000
0 0.107031 0.725625 0.046875 0.018750
0 0.196875 0.810625 0.032813 0.018750
0 0.030469 0.811250 0.040625 0.020000
1 0.599609 0.664375 0.041406 0.038750
1 0.579297 0.645000 0.041406 0.027500
1 0.657813 0.647500 0.026562 0.030000
1 0.766016 0.635000 0.039844 0.030000
0 0.461328 0.531875 0.030469 0.023750
1 0.463281 0.513125 0.034375 0.031250
0 0.506250 0.522500 0.026562 0.022500
0 0.391406 0.497500 0.037500 0.020000
0 0.276172 0.520000 0.042969 0.020000
0 0.243750 0.627500 0.042188 0.020000
0 0.199219 0.573125 0.032813 0.018750
0 0.009766 0.279375 0.017969 0.018750
0 0.397656 0.755625 0.029687 0.021250
0 0.411719 0.840625 0.021875 0.018750
0 0.307031 0.945625 0.018750 0.021250
0 0.316406 0.577500 0.029687 0.017500
0 0.331250 0.527500 0.040625 0.020000
0 0.676562 0.641250 0.032813 0.022500
0 0.768359 0.560000 0.035156 0.030000
0 0.480469 0.555625 0.040625 0.016250
0 0.636328 0.643125 0.017969 0.016250
0 0.668750 0.618750 0.040625 0.017500
0 0.596484 0.584375 0.044531 0.013750
0 0.569141 0.625625 0.041406 0.021250
0 0.643750 0.706875 0.043750 0.021250
0 0.637500 0.686875 0.034375 0.016250
