0 0.698828 0.506875 0.038281 0.021250
1 0.035937 0.451875 0.042188 0.023750
1 0.026953 0.491875 0.049219 0.033750
1 0.009766 0.438125 0.017969 0.053750
0 0.014844 0.697500 0.028125 0.020000
0 0.015625 0.886875 0.029687 0.026250
0 0.145703 0.753125 0.044531 0.016250
0 0.054297 0.561875 0.036719 0.013750
0 0.094922 0.615000 0.041406 0.015000
0 0.153906 0.670000 0.042188 0.015000
0 0.233984 0.661875 0.039844 0.016250
1 0.107031 0.543750 0.035937 0.032500
1 0.139453 0.564375 0.036719 0.023750
1 0.187500 0.584375 0.032813 0.028750
1 0.194531 0.471875 0.035937 0.028750
0 0.155469 0.376250 0.039062 0.020000
0 0.162891 0.430625 0.039844 0.021250
0 0.250781 0.425000 0.045312 0.025000
1 0.240625 0.525625 0.032813 0.051250
1 0.335938 0.569375 0.053125 0.053750
1 0.277344 0.590625 0.065625 0.068750
1 0.287500 0.499375 0.057813 0.036250
1 0.289062 0.536250 0.064062 0.032500
1 0.321484 0.464375 0.032031 0.033750
0 0.350000 0.496875 0.040625 0.021250
0 0.410156 0.558125 0.040625 0.021250
1 0.401172 0.491875 0.041406 0.033750
1 0.457422 0.500000 0.033594 0.037500
1 0.496484 0.655625 0.047656 0.023750
0 0.367969 0.706875 0.035937 0.018750
1 0.527734 0.613750 0.039844 0.030000
1 0.521484 0.553125 0.044531 0.051250
1 0.606641 0.590625 0.035156 0.026250
1 0.603906 0.537500 0.060937 0.052500
0 0.558203 0.581875 0.027344 0.016250
0 0.514453 0.414375 0.047656 0.021250
1 0.833984 0.533125 0.036719 0.063750
1 0.767188 0.598750 0.068750 0.062500
0 0.640234 0.573750 0.032031 0.012500
0 0.491016 0.551250 0.033594 0.020000
0 0.472266 0.686875 0.033594 0.021250
0 0.424219 0.691250 0.031250 0.020000
