0 0.548047 0.550000 0.041406 0.020000
1 0.066406 0.610625 0.037500 0.048750
0 0.058594 0.760000 0.039062 0.020000
1 0.125391 0.431875 0.032031 0.033750
1 0.173828 0.449375 0.046094 0.031250
1 0.242578 0.471250 0.033594 0.030000
0 0.241016 0.500625 0.030469 0.016250
1 0.109766 0.581250 0.035156 0.035000
1 0.058984 0.563125 0.046094 0.041250
0 0.154297 0.564375 0.036719 0.021250
1 0.036328 0.515625 0.030469 0.051250
1 0.045703 0.485000 0.038281 0.032500
1 0.078906 0.521875 0.057813 0.036250
1 0.126172 0.541250 0.030469 0.032500
0 0.174609 0.283125 0.039844 0.021250
0 0.302734 0.417500 0.039844 0.017500
0 0.357812 0.403125 0.039062 0.016250
1 0.255469 0.656875 0.040625 0.028750
1 0.392188 0.500625 0.050000 0.053750
1 0.332031 0.621250 0.031250 0.030000
0 0.339844 0.575000 0.032813 0.022500
1 0.310547 0.535000 0.038281 0.062500
0 0.319531 0.597500 0.031250 0.025000
1 0.410547 0.582500 0.027344 0.030000
0 0.461328 0.545000 0.041406 0.017500
0 0.438281 0.470000 0.037500 0.017500
1 0.555469 0.591875 0.050000 0.048750
0 0.580078 0.506875 0.039844 0.021250
0 0.605859 0.488750 0.033594 0.017500
1 0.639844 0.526250 0.053125 0.042500
0 0.773047 0.668750 0.038281 0.020000
1 0.809375 0.525625 0.054688 0.028750
1 0.708984 0.563750 0.035156 0.050000
1 0.742188 0.535000 0.064062 0.035000
1 0.862109 0.532500 0.025781 0.040000
1 0.780469 0.566250 0.048438 0.035000
0 0.703516 0.478125 0.035156 0.023750
1 0.775781 0.600000 0.045312 0.035000
0 0.095703 0.485625 0.036719 0.016250
0 0.392578 0.546875 0.036719 0.016250
0 0.550000 0.527500 0.037500 0.015000
1 0.189453 0.501250 0.033594 0.027500
0 0.549609 0.438750 0.032031 0.020000
0 0.488672 0.526250 0.038281 0.020000
0 0.204297 0.804375 0.033594 0.023750
