0 0.067969 0.413750 0.035937 0.017500
0 0.017188 0.447500 0.032813 0.017500
0 0.027734 0.473750 0.038281 0.022500
1 0.008594 0.537500 0.015625 0.047500
1 0.028906 0.583750 0.034375 0.047500
0 0.091016 0.285625 0.041406 0.021250
0 0.096484 0.492500 0.032031 0.017500
0 0.082422 0.507500 0.038281 0.017500
0 0.148828 0.593750 0.036719 0.020000
0 0.126953 0.793750 0.035156 0.017500
0 0.253516 0.365625 0.036719 0.021250
0 0.233594 0.408750 0.037500 0.017500
0 0.361328 0.488125 0.033594 0.013750
0 0.205859 0.558750 0.035156 0.015000
0 0.237109 0.586250 0.038281 0.020000
0 0.462891 0.675000 0.038281 0.022500
0 0.607422 0.657500 0.035156 0.017500
0 0.548438 0.665000 0.037500 0.017500
0 0.668750 0.610625 0.032813 0.018750
0 0.310156 0.438125 0.031250 0.016250
0 0.438672 0.475625 0.033594 0.018750
0 0.403125 0.519375 0.035937 0.021250
0 0.474219 0.509375 0.025000 0.018750
0 0.508203 0.557500 0.035156 0.017500
0 0.489063 0.590000 0.032813 0.020000
1 0.158594 0.508750 0.042188 0.057500
1 0.171875 0.462500 0.040625 0.035000
1 0.208594 0.485000 0.034375 0.025000
1 0.260156 0.485625 0.035937 0.023750
1 0.293359 0.468125 0.035156 0.023750
1 0.344141 0.463750 0.028906 0.030000
1 0.307422 0.381250 0.035156 0.027500
1 0.254688 0.550000 0.035937 0.047500
1 0.307031 0.518125 0.073438 0.026250
0 0.290625 0.565000 0.034375 0.020000
1 0.508203 0.480625 0.035156 0.048750
1 0.545703 0.554375 0.033594 0.036250
1 0.584766 0.592500 0.041406 0.042500
1 0.625391 0.566875 0.035156 0.031250
1 0.604297 0.490625 0.033594 0.041250
1 0.585156 0.533125 0.043750 0.046250
1 0.680469 0.513750 0.042188 0.032500
1 0.668750 0.566875 0.039062 0.061250
1 0.750391 0.519375 0.047656 0.033750
1 0.849219 0.556250 0.034375 0.025000
1 0.721875 0.592500 0.028125 0.022500
1 0.752734 0.574375 0.030469 0.036250
1 0.803516 0.602500 0.046094 0.032500
1 0.854688 0.616875 0.026562 0.046250
0 0.408203 0.590625 0.049219 0.018750
1 0.447266 0.498750 0.041406 0.027500
0 0.484766 0.446875 0.036719 0.013750
0 0.223828 0.541875 0.041406 0.013750
0 0.642578 0.472500 0.036719 0.020000
0 0.456250 0.600625 0.031250 0.018750
