0 0.266016 0.515625 0.041406 0.018750
0 0.201563 0.509375 0.050000 0.021250
1 0.621094 0.643125 0.029687 0.036250
1 0.562109 0.666875 0.035156 0.043750
1 0.535937 0.643125 0.040625 0.028750
0 0.383203 0.855625 0.024219 0.023750
0 0.355859 0.767500 0.030469 0.020000
0 0.150781 0.820000 0.031250 0.022500
0 0.032422 0.729375 0.042969 0.016250
0 0.039062 0.598125 0.043750 0.036250
0 0.078125 0.573750 0.042188 0.030000
0 0.096094 0.528750 0.034375 0.022500
0 0.323828 0.484375 0.038281 0.021250
0 0.222266 0.366875 0.033594 0.026250
1 0.421094 0.502500 0.028125 0.025000
0 0.409766 0.523125 0.028906 0.028750
0 0.133984 0.465000 0.039844 0.012500
0 0.116406 0.447500 0.043750 0.022500
0 0.267188 0.574375 0.037500 0.026250
0 0.154688 0.575000 0.031250 0.017500
0 0.125391 0.602500 0.044531 0.030000
0 0.113672 0.665625 0.035156 0.021250
0 0.284766 0.962500 0.016406 0.017500
0 0.309766 0.693750 0.033594 0.022500
0 0.172266 0.620000 0.041406 0.022500
1 0.720313 0.630625 0.040625 0.031250
0 0.452344 0.501875 0.034375 0.026250
0 0.412891 0.549375 0.038281 0.018750
0 0.638281 0.641875 0.021875 0.018750
0 0.719922 0.555000 0.030469 0.020000
0 0.789062 0.555000 0.034375 0.017500
0 0.300391 0.624375 0.042969 0.016250
0 0.267578 0.599375 0.039844 0.018750
0 0.584375 0.645625 0.032813 0.021250
0 0.596875 0.628125 0.021875 0.013750
0 0.522656 0.578125 0.042188 0.018750
0 0.380469 0.618750 0.042188 0.017500
0 0.513281 0.618750 0.040625 0.025000
0 0.576172 0.718750 0.039844 0.017500
0 0.583203 0.696875 0.032031 0.016250
