0 0.573438 0.685625 0.045312 0.021250
0 0.569141 0.605000 0.035156 0.030000
1 0.725000 0.576875 0.026562 0.031250
0 0.782422 0.579375 0.030469 0.023750
0 0.435156 0.608125 0.039062 0.033750
0 0.472656 0.578125 0.026562 0.018750
0 0.214062 0.578125 0.039062 0.031250
0 0.042969 0.588125 0.039062 0.026250
0 0.281641 0.574375 0.030469 0.021250
0 0.335156 0.619375 0.034375 0.023750
0 0.375781 0.604375 0.043750 0.028750
0 0.386719 0.578125 0.039062 0.021250
0 0.648438 0.618125 0.029687 0.023750
0 0.558594 0.463125 0.026562 0.026250
0 0.449609 0.847500 0.024219 0.020000
0 0.368359 0.694375 0.033594 0.021250
0 0.216016 0.749375 0.047656 0.021250
0 0.121094 0.946250 0.039062 0.027500
0 0.026562 0.706875 0.032813 0.023750
0 0.092188 0.741250 0.040625 0.022500
0 0.508594 0.628125 0.048438 0.026250
0 0.506250 0.573125 0.029687 0.021250
0 0.712109 0.673125 0.042969 0.021250
0 0.494922 0.722500 0.030469 0.020000
0 0.128516 0.453125 0.050781 0.023750
0 0.239453 0.476250 0.033594 0.022500
0 0.501953 0.646250 0.039844 0.027500
0 0.667969 0.666250 0.029687 0.020000
0 0.016797 0.365000 0.032031 0.025000
0 0.750391 0.606250 0.038281 0.020000
0 0.603906 0.616250 0.028125 0.020000
0 0.639062 0.575625 0.026562 0.013750
0 0.648828 0.683750 0.022656 0.017500
0 0.007812 0.561875 0.014063 0.026250
0 0.009766 0.513750 0.017969 0.027500
0 0.373828 0.408750 0.028906 0.022500
0 0.319922 0.527500 0.032031 0.020000
0 0.784766 0.678750 0.033594 0.015000
0 0.792188 0.660625 0.039062 0.016250
0 0.780078 0.637500 0.038281 0.015000
0 0.596094 0.748125 0.018750 0.018750
0 0.432812 0.749375 0.042188 0.021250
0 0.071094 0.541875 0.040625 0.018750
