1 0.206641 0.486250 0.052344 0.037500
0 0.421094 0.444375 0.045312 0.026250
1 0.044922 0.921875 0.036719 0.033750
1 0.011328 0.640625 0.021094 0.038750
1 0.008594 0.370000 0.015625 0.047500
1 0.017578 0.559375 0.028906 0.028750
1 0.081250 0.528125 0.050000 0.033750
1 0.107031 0.564375 0.039062 0.033750
1 0.082031 0.576875 0.051562 0.053750
1 0.190234 0.583125 0.035156 0.041250
1 0.275000 0.401875 0.042188 0.036250
1 0.277344 0.484375 0.043750 0.033750
1 0.307422 0.490000 0.036719 0.042500
1 0.320703 0.511875 0.052344 0.033750
1 0.345313 0.544375 0.032813 0.043750
1 0.369141 0.489375 0.041406 0.028750
1 0.401562 0.515000 0.032813 0.030000
1 0.405859 0.547500 0.057031 0.025000
1 0.393359 0.579375 0.035156 0.043750
1 0.476172 0.533125 0.033594 0.041250
1 0.497656 0.499375 0.035937 0.043750
1 0.480469 0.632500 0.034375 0.025000
1 0.516406 0.599375 0.034375 0.038750
1 0.537500 0.577500 0.037500 0.025000
1 0.548828 0.531875 0.035156 0.048750
1 0.514062 0.543750 0.032813 0.055000
1 0.639844 0.593125 0.032813 0.071250
1 0.671094 0.570000 0.039062 0.037500
1 0.702734 0.560000 0.028906 0.040000
1 0.767188 0.531875 0.046875 0.026250
1 0.775781 0.598125 0.045312 0.031250
1 0.785156 0.557500 0.051562 0.025000
1 0.855859 0.617500 0.027344 0.047500
1 0.817578 0.577500 0.032031 0.065000
1 0.371875 0.683750 0.039062 0.022500
1 0.260156 0.564375 0.037500 0.026250
0 0.012891 0.786875 0.024219 0.021250
0 0.008984 0.745000 0.016406 0.015000
0 0.173437 0.782500 0.042188 0.015000
0 0.155078 0.725625 0.036719 0.016250
0 0.247656 0.606875 0.039062 0.016250
0 0.245703 0.540000 0.039844 0.017500
0 0.072266 0.306250 0.041406 0.022500
0 0.045312 0.370000 0.037500 0.022500
0 0.041797 0.403750 0.046094 0.017500
0 0.014063 0.424375 0.026562 0.016250
0 0.177344 0.301875 0.039062 0.023750
0 0.180469 0.351250 0.034375 0.020000
0 0.509766 0.409375 0.044531 0.026250
0 0.530078 0.483750 0.038281 0.020000
0 0.567578 0.445000 0.030469 0.020000
0 0.082812 0.485000 0.040625 0.020000
0 0.214844 0.437500 0.042188 0.015000
1 0.319141 0.531875 0.033594 0.031250
1 0.391016 0.612500 0.035156 0.030000
0 0.597656 0.455000 0.037500 0.020000
0 0.768359 0.647500 0.046094 0.020000
