0 0.151953 0.305000 0.038281 0.017500
0 0.054297 0.360625 0.036719 0.026250
0 0.012500 0.424375 0.023438 0.013750
0 0.024219 0.594375 0.032813 0.026250
0 0.072266 0.454375 0.030469 0.013750
0 0.096484 0.482500 0.038281 0.020000
0 0.065625 0.504375 0.046875 0.021250
1 0.053125 0.545000 0.039062 0.042500
1 0.085156 0.585000 0.045312 0.045000
0 0.124609 0.426875 0.032031 0.016250
0 0.155469 0.499375 0.031250 0.016250
0 0.144141 0.515625 0.035156 0.016250
0 0.218359 0.596250 0.038281 0.020000
0 0.262109 0.564375 0.033594 0.016250
0 0.296484 0.588125 0.039844 0.018750
0 0.344531 0.565000 0.031250 0.020000
1 0.207422 0.507500 0.044531 0.055000
1 0.229297 0.469375 0.039844 0.031250
1 0.262891 0.490000 0.039844 0.027500
0 0.294141 0.413125 0.035156 0.016250
1 0.353125 0.395000 0.034375 0.020000
1 0.394141 0.470000 0.030469 0.037500
1 0.347266 0.472500 0.036719 0.027500
1 0.311719 0.491250 0.029687 0.030000
1 0.341016 0.520000 0.046094 0.032500
1 0.305078 0.551875 0.038281 0.048750
0 0.383594 0.521875 0.035937 0.028750
0 0.423438 0.492500 0.034375 0.020000
0 0.453906 0.521250 0.034375 0.025000
1 0.487109 0.508750 0.033594 0.032500
0 0.546484 0.591875 0.033594 0.016250
0 0.494141 0.593125 0.042969 0.018750
0 0.523828 0.515000 0.035156 0.022500
0 0.490625 0.483750 0.039062 0.017500
1 0.557031 0.481875 0.032813 0.041250
1 0.591406 0.505000 0.040625 0.030000
1 0.598437 0.556250 0.031250 0.040000
1 0.626953 0.535625 0.035156 0.041250
1 0.649219 0.501875 0.026562 0.038750
1 0.671484 0.564375 0.027344 0.023750
0 0.529297 0.666250 0.041406 0.020000
1 0.734766 0.519375 0.044531 0.028750
1 0.721484 0.567500 0.044531 0.067500
1 0.794531 0.524375 0.035937 0.036250
1 0.773828 0.593125 0.035156 0.023750
1 0.798438 0.575625 0.026562 0.038750
1 0.850000 0.610000 0.026562 0.047500
0 0.569922 0.560625 0.032031 0.018750
0 0.315234 0.387500 0.032031 0.020000
1 0.643359 0.592500 0.057031 0.042500
0 0.617578 0.661250 0.039844 0.015000
0 0.674219 0.641875 0.035937 0.018750
0 0.194141 0.781875 0.033594 0.018750
0 0.359766 0.445000 0.025781 0.017500
1 0.675781 0.521875 0.028125 0.023750
