0 0.548828 0.565000 0.039844 0.020000
0 0.453906 0.504375 0.048438 0.023750
0 0.405859 0.688750 0.036719 0.017500
0 0.217188 0.661875 0.037500 0.018750
0 0.178906 0.718750 0.046875 0.017500
0 0.243750 0.798125 0.034375 0.018750
0 0.244531 0.603125 0.045312 0.028750
0 0.029687 0.588125 0.046875 0.028750
0 0.041406 0.540000 0.043750 0.022500
0 0.196484 0.542500 0.042969 0.025000
0 0.312500 0.393125 0.034375 0.026250
0 0.057422 0.300625 0.030469 0.021250
0 0.511328 0.621250 0.042969 0.020000
0 0.415625 0.600000 0.046875 0.017500
0 0.363672 0.583125 0.041406 0.026250
0 0.316406 0.636875 0.043750 0.023750
0 0.435547 0.746250 0.030469 0.022500
0 0.437891 0.828750 0.024219 0.022500
1 0.625781 0.646875 0.045312 0.048750
1 0.637891 0.662500 0.039844 0.035000
1 0.691797 0.649375 0.032031 0.031250
0 0.719141 0.641250 0.035156 0.022500
0 0.272656 0.483750 0.059375 0.025000
0 0.166406 0.608125 0.046875 0.036250
0 0.174219 0.580625 0.040625 0.026250
0 0.040625 0.736250 0.034375 0.017500
0 0.089453 0.803750 0.039844 0.020000
1 0.503516 0.521250 0.039844 0.027500
0 0.511328 0.538750 0.035156 0.022500
0 0.351562 0.536250 0.043750 0.017500
1 0.809375 0.636875 0.043750 0.036250
0 0.809766 0.571250 0.033594 0.027500
0 0.562891 0.541875 0.028906 0.023750
0 0.328906 0.930000 0.020313 0.022500
0 0.435547 0.637500 0.039844 0.020000
0 0.407422 0.615625 0.042969 0.018750
0 0.669141 0.591250 0.049219 0.012500
0 0.727344 0.610625 0.035937 0.018750
0 0.708984 0.700625 0.041406 0.018750
0 0.692578 0.679375 0.036719 0.018750
