1 0.292187 0.628750 0.031250 0.025000
1 0.368750 0.596250 0.039062 0.025000
1 0.438281 0.604375 0.029687 0.026250
1 0.454297 0.591250 0.030469 0.022500
1 0.513281 0.550000 0.032813 0.027500
1 0.623047 0.401875 0.036719 0.031250
1 0.291797 0.563125 0.038281 0.021250
1 0.300781 0.525000 0.029687 0.017500
1 0.353906 0.701875 0.028125 0.026250
1 0.119531 0.710625 0.032813 0.021250
1 0.044141 0.595000 0.041406 0.015000
1 0.141406 0.611250 0.042188 0.017500
1 0.132031 0.533125 0.035937 0.028750
1 0.114453 0.492500 0.039844 0.027500
1 0.065234 0.534375 0.035156 0.021250
1 0.155469 0.408750 0.032813 0.025000
1 0.226953 0.395000 0.033594 0.027500
1 0.279297 0.358750 0.033594 0.022500
1 0.340625 0.388750 0.043750 0.022500
1 0.414453 0.375000 0.030469 0.022500
1 0.435547 0.401250 0.038281 0.027500
1 0.516797 0.376875 0.041406 0.033750
1 0.192969 0.461875 0.035937 0.026250
1 0.103516 0.353750 0.041406 0.025000
1 0.160547 0.328750 0.039844 0.030000
1 0.243750 0.276875 0.043750 0.028750
1 0.601172 0.533750 0.038281 0.025000
0 0.221094 0.543750 0.037500 0.027500
0 0.255859 0.521250 0.035156 0.037500
0 0.175391 0.576250 0.042969 0.037500
0 0.179688 0.549375 0.037500 0.041250
0 0.031250 0.476875 0.045312 0.031250
0 0.023438 0.532500 0.034375 0.025000
0 0.035937 0.551250 0.032813 0.030000
0 0.068750 0.463750 0.034375 0.035000
0 0.104688 0.453125 0.043750 0.063750
0 0.018750 0.363750 0.034375 0.067500
0 0.060937 0.367500 0.034375 0.050000
0 0.067578 0.320625 0.038281 0.048750
0 0.231250 0.490000 0.060937 0.032500
0 0.269531 0.396875 0.039062 0.043750
0 0.300781 0.416250 0.032813 0.045000
0 0.374609 0.413125 0.044531 0.038750
0 0.483984 0.415625 0.035156 0.036250
0 0.520312 0.433125 0.029687 0.043750
0 0.483984 0.449375 0.028906 0.038750
0 0.446484 0.473125 0.036719 0.053750
0 0.407813 0.511250 0.035937 0.045000
0 0.348047 0.550625 0.044531 0.038750
0 0.321094 0.486875 0.032813 0.041250
0 0.357422 0.508125 0.038281 0.038750
0 0.325000 0.450625 0.054688 0.028750
0 0.395703 0.568750 0.055469 0.040000
0 0.433594 0.546875 0.026562 0.041250
0 0.457813 0.525625 0.032813 0.038750
0 0.518359 0.520000 0.041406 0.027500
0 0.550000 0.498750 0.034375 0.045000
0 0.557813 0.553750 0.032813 0.057500
0 0.600000 0.486250 0.029687 0.032500
0 0.613281 0.443125 0.040625 0.036250
0 0.639062 0.558125 0.031250 0.056250
0 0.676172 0.576250 0.038281 0.060000
0 0.662891 0.490625 0.049219 0.051250
1 0.550391 0.448750 0.038281 0.025000
0 0.743359 0.465000 0.038281 0.045000
0 0.727344 0.559375 0.039062 0.041250
0 0.191797 0.383750 0.033594 0.042500
