1 0.289453 0.665625 0.039844 0.018750
1 0.187500 0.701250 0.037500 0.017500
1 0.081641 0.668750 0.038281 0.022500
1 0.116016 0.638125 0.035156 0.018750
1 0.135937 0.623750 0.037500 0.020000
1 0.271875 0.641875 0.042188 0.026250
1 0.364063 0.587500 0.025000 0.027500
1 0.514844 0.678750 0.032813 0.017500
1 0.488281 0.516875 0.035937 0.028750
1 0.458203 0.488750 0.035156 0.027500
1 0.099219 0.290000 0.034375 0.030000
1 0.124609 0.526250 0.033594 0.030000
1 0.158203 0.550625 0.032031 0.028750
1 0.090234 0.420000 0.039844 0.022500
1 0.180078 0.376875 0.036719 0.031250
1 0.240625 0.410000 0.045312 0.032500
1 0.469531 0.456250 0.037500 0.032500
1 0.508984 0.405625 0.044531 0.026250
1 0.231250 0.330000 0.037500 0.025000
0 0.176563 0.345625 0.039062 0.038750
0 0.070312 0.476875 0.040625 0.033750
0 0.027344 0.405625 0.028125 0.031250
0 0.035937 0.520625 0.032813 0.033750
0 0.014063 0.543750 0.026562 0.042500
0 0.015234 0.486875 0.028906 0.053750
0 0.328906 0.595625 0.037500 0.033750
0 0.421484 0.518125 0.033594 0.041250
0 0.358594 0.483750 0.035937 0.032500
0 0.342187 0.445625 0.039062 0.053750
0 0.329688 0.353125 0.032813 0.041250
0 0.262109 0.540625 0.028906 0.043750
0 0.311719 0.557500 0.056250 0.042500
0 0.277734 0.497500 0.039844 0.050000
0 0.211328 0.546250 0.044531 0.042500
0 0.148438 0.506250 0.034375 0.037500
0 0.226953 0.436250 0.038281 0.042500
0 0.187109 0.443125 0.046094 0.038750
0 0.295312 0.419375 0.043750 0.038750
1 0.432031 0.410000 0.035937 0.027500
1 0.351172 0.390625 0.039844 0.021250
0 0.608594 0.569375 0.034375 0.026250
0 0.569531 0.523750 0.031250 0.027500
0 0.597656 0.542500 0.034375 0.030000
1 0.565625 0.483125 0.037500 0.028750
0 0.646094 0.533750 0.040625 0.035000
0 0.697656 0.463750 0.060937 0.047500
0 0.691016 0.505000 0.050781 0.047500
0 0.697656 0.556875 0.039062 0.053750
0 0.641016 0.483125 0.039844 0.056250
1 0.107813 0.443125 0.037500 0.026250
1 0.243750 0.797500 0.028125 0.022500
1 0.412891 0.465625 0.036719 0.026250
1 0.193359 0.498750 0.041406 0.027500
0 0.144922 0.388125 0.038281 0.041250
1 0.526563 0.541250 0.037500 0.027500
1 0.545703 0.467500 0.035156 0.027500
0 0.589844 0.495625 0.026562 0.041250
0 0.812891 0.586250 0.036719 0.045000
0 0.189844 0.569375 0.039062 0.028750
