0 0.668359 0.656875 0.044531 0.018750
1 0.017969 0.337500 0.034375 0.052500
1 0.017969 0.518125 0.034375 0.036250
1 0.026172 0.463125 0.050781 0.066250
1 0.072656 0.520625 0.034375 0.051250
1 0.092578 0.553750 0.036719 0.055000
1 0.121875 0.623750 0.046875 0.030000
1 0.098437 0.734375 0.034375 0.021250
1 0.171484 0.631250 0.038281 0.027500
1 0.128125 0.487500 0.029687 0.030000
1 0.137500 0.538750 0.043750 0.042500
1 0.192969 0.437500 0.050000 0.040000
1 0.208203 0.480625 0.032031 0.046250
1 0.212109 0.608750 0.033594 0.030000
1 0.214844 0.563125 0.034375 0.033750
1 0.252734 0.480625 0.038281 0.026250
1 0.244141 0.517500 0.038281 0.032500
1 0.286719 0.520000 0.037500 0.022500
1 0.336719 0.575000 0.050000 0.060000
1 0.397266 0.516250 0.039844 0.027500
1 0.438281 0.534375 0.029687 0.028750
1 0.396094 0.575000 0.032813 0.022500
1 0.516016 0.492500 0.035156 0.035000
1 0.495703 0.534375 0.072656 0.038750
1 0.524219 0.587500 0.040625 0.055000
1 0.480078 0.581250 0.042969 0.052500
1 0.566797 0.588750 0.032031 0.032500
1 0.562109 0.550000 0.035156 0.022500
0 0.594922 0.517500 0.033594 0.025000
1 0.606250 0.552500 0.037500 0.032500
1 0.627734 0.533125 0.030469 0.033750
1 0.666406 0.521875 0.034375 0.033750
1 0.596875 0.608125 0.032813 0.028750
1 0.703516 0.575000 0.035156 0.037500
1 0.723047 0.619375 0.036719 0.043750
1 0.737109 0.651875 0.050781 0.026250
1 0.754687 0.567500 0.042188 0.047500
1 0.829297 0.573750 0.036719 0.042500
1 0.800391 0.540000 0.036719 0.040000
1 0.804297 0.603125 0.030469 0.033750
0 0.312109 0.796875 0.050781 0.016250
0 0.351953 0.760625 0.055469 0.023750
0 0.035156 0.276250 0.040625 0.025000
0 0.077344 0.272500 0.046875 0.025000
0 0.189453 0.326875 0.042969 0.021250
0 0.235937 0.311250 0.032813 0.020000
0 0.444922 0.472500 0.036719 0.017500
0 0.486719 0.644375 0.037500 0.018750
0 0.242969 0.636250 0.046875 0.015000
0 0.455859 0.455625 0.039844 0.023750
