1 0.026172 0.486875 0.036719 0.061250
1 0.059375 0.531250 0.031250 0.040000
0 0.047656 0.578750 0.039062 0.017500
0 0.027734 0.304375 0.036719 0.018750
0 0.249609 0.263750 0.032031 0.022500
0 0.383203 0.376250 0.035156 0.022500
0 0.280859 0.413750 0.033594 0.015000
0 0.270313 0.421250 0.034375 0.020000
0 0.313281 0.460625 0.032813 0.013750
0 0.254297 0.478125 0.063281 0.021250
0 0.297266 0.533125 0.036719 0.018750
0 0.359375 0.536875 0.029687 0.018750
1 0.387891 0.515000 0.047656 0.037500
1 0.109766 0.445000 0.033594 0.050000
1 0.085156 0.625000 0.035937 0.032500
0 0.046094 0.730625 0.034375 0.013750
1 0.166797 0.572500 0.035156 0.030000
1 0.290625 0.589375 0.045312 0.031250
0 0.205859 0.593125 0.033594 0.023750
0 0.243359 0.605625 0.035156 0.023750
1 0.438672 0.505000 0.039844 0.047500
1 0.471875 0.567500 0.031250 0.027500
0 0.428125 0.737500 0.034375 0.017500
0 0.775781 0.645000 0.034375 0.020000
0 0.753125 0.606875 0.034375 0.016250
0 0.719531 0.606250 0.037500 0.017500
1 0.574609 0.494375 0.030469 0.043750
0 0.515234 0.436875 0.033594 0.018750
0 0.560937 0.543125 0.037500 0.011250
1 0.645703 0.525625 0.046094 0.041250
0 0.594141 0.526875 0.038281 0.018750
0 0.718359 0.548125 0.036719 0.013750
1 0.712500 0.515000 0.037500 0.040000
1 0.779687 0.578125 0.034375 0.033750
1 0.804297 0.550000 0.063281 0.040000
0 0.453516 0.600625 0.038281 0.018750
1 0.499219 0.514375 0.031250 0.043750
1 0.526172 0.551250 0.036719 0.050000
1 0.111719 0.503125 0.037500 0.026250
1 0.257031 0.561250 0.037500 0.042500
0 0.356641 0.520000 0.036719 0.022500
0 0.817187 0.598125 0.034375 0.023750
0 0.596484 0.564375 0.036719 0.018750
0 0.200781 0.501875 0.045312 0.013750
0 0.169922 0.517500 0.041406 0.015000
0 0.135156 0.541250 0.045312 0.015000
1 0.536328 0.496875 0.033594 0.031250
