0 0.567578 0.656250 0.041406 0.017500
0 0.574219 0.676250 0.034375 0.022500
0 0.575000 0.710000 0.029687 0.025000
1 0.644531 0.558125 0.034375 0.028750
0 0.608984 0.581250 0.050781 0.025000
0 0.457813 0.607500 0.037500 0.027500
0 0.341797 0.601875 0.036719 0.028750
0 0.226562 0.607500 0.028125 0.022500
0 0.164062 0.556875 0.034375 0.016250
0 0.106250 0.565625 0.040625 0.031250
0 0.471484 0.438125 0.028906 0.023750
0 0.385937 0.619375 0.046875 0.026250
0 0.262500 0.565625 0.037500 0.023750
0 0.253125 0.598750 0.029687 0.020000
0 0.085547 0.761875 0.039844 0.023750
0 0.407031 0.748750 0.031250 0.022500
0 0.436719 0.700625 0.042188 0.018750
0 0.402344 0.653750 0.029687 0.027500
0 0.685156 0.567500 0.037500 0.030000
0 0.776563 0.588125 0.040625 0.021250
0 0.545312 0.606875 0.034375 0.026250
0 0.521875 0.551875 0.034375 0.026250
0 0.376563 0.564375 0.028125 0.021250
0 0.416406 0.573125 0.029687 0.026250
0 0.191016 0.513750 0.038281 0.022500
0 0.739844 0.623125 0.046875 0.013750
0 0.590625 0.624375 0.040625 0.013750
0 0.505469 0.623750 0.032813 0.015000
0 0.511328 0.583125 0.035156 0.016250
0 0.647656 0.624375 0.035937 0.016250
0 0.652344 0.643750 0.039062 0.015000
0 0.656641 0.663125 0.027344 0.016250
0 0.123828 0.453125 0.039844 0.026250
0 0.254297 0.365000 0.032031 0.022500
0 0.692187 0.548750 0.042188 0.020000
0 0.738281 0.588125 0.040625 0.016250
0 0.539062 0.775000 0.028125 0.020000
0 0.310156 0.772500 0.042188 0.017500
0 0.254688 0.709375 0.039062 0.018750
1 0.775781 0.648125 0.040625 0.043750
1 0.808594 0.665625 0.025000 0.036250
0 0.405078 0.878125 0.019531 0.023750
0 0.190625 0.538750 0.043750 0.020000
