0 0.463672 0.536875 0.033594 0.018750
0 0.378125 0.595625 0.039062 0.018750
0 0.316797 0.637500 0.042969 0.022500
0 0.095312 0.935625 0.039062 0.026250
0 0.022656 0.645625 0.043750 0.021250
0 0.445312 0.685625 0.039062 0.016250
0 0.426953 0.708750 0.038281 0.017500
0 0.565234 0.685625 0.039844 0.013750
0 0.728516 0.708125 0.033594 0.013750
0 0.692969 0.656250 0.040625 0.017500
0 0.696484 0.610625 0.039844 0.016250
0 0.726953 0.583125 0.030469 0.018750
1 0.769922 0.628750 0.030469 0.042500
1 0.646094 0.592500 0.040625 0.045000
1 0.828125 0.692500 0.023438 0.040000
0 0.196484 0.493125 0.039844 0.026250
0 0.632422 0.718750 0.041406 0.027500
0 0.785547 0.663750 0.033594 0.030000
0 0.428125 0.660625 0.067187 0.016250
0 0.316406 0.661250 0.045312 0.017500
0 0.410938 0.630625 0.060937 0.018750
0 0.518359 0.586875 0.039844 0.018750
0 0.598437 0.661875 0.048438 0.023750
1 0.254688 0.748750 0.037500 0.030000
