0 0.044531 0.818750 0.037500 0.015000
0 0.025781 0.836875 0.031250 0.026250
0 0.040234 0.768750 0.047656 0.017500
0 0.214062 0.690625 0.043750 0.021250
0 0.208984 0.713750 0.049219 0.017500
0 0.354297 0.730625 0.035156 0.011250
0 0.376563 0.746250 0.039062 0.020000
0 0.425391 0.660625 0.039844 0.013750
0 0.389453 0.648750 0.046094 0.012500
0 0.354687 0.666875 0.040625 0.016250
0 0.174219 0.558750 0.046875 0.025000
0 0.170313 0.585000 0.043750 0.017500
0 0.164062 0.608125 0.046875 0.036250
0 0.108203 0.596875 0.041406 0.021250
0 0.048438 0.595625 0.039062 0.018750
0 0.216797 0.473125 0.035156 0.021250
0 0.598047 0.485000 0.032031 0.025000
0 0.576562 0.599375 0.042188 0.018750
0 0.359766 0.498125 0.036719 0.021250
0 0.344531 0.580000 0.039062 0.022500
0 0.141016 0.651250 0.049219 0.020000
0 0.082812 0.669375 0.054688 0.018750
0 0.288672 0.604375 0.055469 0.018750
0 0.450000 0.592500 0.042188 0.020000
0 0.100781 0.569375 0.048438 0.023750
0 0.107422 0.616875 0.041406 0.021250
0 0.436328 0.680000 0.052344 0.020000
0 0.707422 0.591875 0.041406 0.026250
1 0.832812 0.655625 0.031250 0.023750
1 0.405859 0.538125 0.039844 0.041250
1 0.292969 0.613750 0.034375 0.047500
1 0.371484 0.620000 0.035156 0.035000
1 0.013281 0.581250 0.025000 0.030000
1 0.083203 0.525000 0.033594 0.040000
0 0.767578 0.698125 0.046094 0.016250
1 0.743750 0.618750 0.031250 0.020000
0 0.797266 0.656875 0.033594 0.026250
0 0.834766 0.626875 0.035156 0.021250
0 0.748047 0.588125 0.039844 0.028750
0 0.145703 0.731250 0.035156 0.020000
