1 0.317188 0.637500 0.035937 0.025000
1 0.089453 0.612500 0.033594 0.015000
1 0.110547 0.548750 0.041406 0.015000
1 0.219141 0.580625 0.035156 0.021250
1 0.228125 0.536250 0.031250 0.022500
1 0.132812 0.358125 0.028125 0.021250
1 0.187891 0.380625 0.035156 0.021250
1 0.477734 0.698125 0.033594 0.018750
1 0.412500 0.643125 0.040625 0.021250
1 0.345703 0.545625 0.039844 0.023750
0 0.480859 0.640000 0.032031 0.032500
1 0.310547 0.471875 0.039844 0.028750
1 0.274609 0.386250 0.042969 0.022500
1 0.253906 0.361250 0.040625 0.027500
1 0.128125 0.317500 0.034375 0.020000
1 0.379297 0.399375 0.035156 0.018750
1 0.416406 0.418125 0.028125 0.016250
1 0.398438 0.473125 0.034375 0.026250
0 0.492578 0.508125 0.033594 0.038750
0 0.449609 0.476875 0.041406 0.033750
0 0.444922 0.440000 0.042969 0.030000
0 0.467187 0.573125 0.040625 0.038750
0 0.419141 0.581250 0.044531 0.020000
0 0.417187 0.559375 0.045312 0.028750
0 0.450391 0.513750 0.044531 0.025000
1 0.369141 0.505625 0.041406 0.021250
0 0.382812 0.529375 0.039062 0.028750
0 0.383984 0.486250 0.042969 0.022500
0 0.269531 0.478750 0.032813 0.032500
0 0.269922 0.442500 0.033594 0.027500
0 0.221094 0.492500 0.039062 0.035000
0 0.223828 0.406875 0.036719 0.033750
0 0.178516 0.408125 0.033594 0.021250
0 0.169531 0.493750 0.040625 0.045000
0 0.119531 0.476250 0.040625 0.030000
0 0.096484 0.433125 0.032031 0.031250
0 0.058594 0.506250 0.032813 0.037500
0 0.073047 0.406250 0.047656 0.022500
0 0.020313 0.398750 0.039062 0.035000
0 0.024609 0.464375 0.021094 0.031250
0 0.033203 0.556875 0.028906 0.038750
0 0.146094 0.531875 0.031250 0.028750
0 0.290234 0.545625 0.014844 0.013750
1 0.510938 0.667500 0.029687 0.017500
1 0.515625 0.454375 0.045312 0.021250
1 0.473047 0.415625 0.058594 0.026250
1 0.633203 0.636875 0.047656 0.018750
0 0.564063 0.475625 0.032813 0.048750
0 0.604297 0.487500 0.025781 0.027500
0 0.639844 0.484375 0.021875 0.031250
0 0.665625 0.480000 0.025000 0.032500
0 0.738281 0.498125 0.031250 0.038750
0 0.777344 0.513750 0.025000 0.040000
0 0.698828 0.581250 0.060156 0.047500
0 0.746875 0.578125 0.039062 0.043750
0 0.808203 0.548750 0.033594 0.035000
1 0.507031 0.550625 0.043750 0.016250
0 0.387109 0.428125 0.035156 0.038750
0 0.242188 0.384375 0.010937 0.018750
1 0.155078 0.594375 0.038281 0.023750
0 0.084375 0.588125 0.046875 0.038750
1 0.616797 0.591250 0.035156 0.020000
0 0.586328 0.532500 0.041406 0.047500
1 0.428125 0.362500 0.062500 0.030000
