1 0.158203 0.637500 0.047656 0.025000
1 0.056250 0.571250 0.045312 0.022500
1 0.085156 0.528750 0.037500 0.020000
1 0.332031 0.732500 0.031250 0.012500
1 0.371094 0.681250 0.034375 0.015000
1 0.740234 0.638750 0.033594 0.022500
1 0.407031 0.543125 0.037500 0.021250
1 0.461328 0.585000 0.035156 0.022500
1 0.426172 0.423125 0.028906 0.018750
1 0.608984 0.678125 0.044531 0.021250
1 0.492578 0.385000 0.038281 0.030000
1 0.250391 0.681875 0.047656 0.023750
1 0.183203 0.491250 0.050781 0.030000
1 0.224609 0.360625 0.039844 0.028750
1 0.496094 0.561250 0.037500 0.022500
1 0.411719 0.510000 0.034375 0.025000
1 0.725000 0.591875 0.037500 0.023750
1 0.510547 0.610625 0.044531 0.021250
1 0.166797 0.585000 0.071094 0.027500
0 0.309375 0.453125 0.039062 0.036250
0 0.337500 0.643125 0.040625 0.026250
0 0.671484 0.548750 0.036719 0.047500
0 0.651563 0.509375 0.031250 0.038750
0 0.747266 0.490000 0.030469 0.030000
0 0.602734 0.476250 0.042969 0.042500
0 0.300000 0.403125 0.053125 0.051250
0 0.140625 0.421875 0.031250 0.031250
0 0.050391 0.387500 0.033594 0.035000
0 0.101953 0.481875 0.046094 0.038750
0 0.339062 0.576875 0.035937 0.056250
0 0.278125 0.548750 0.040625 0.032500
0 0.327734 0.500625 0.038281 0.031250
0 0.617188 0.570625 0.039062 0.036250
0 0.561328 0.568125 0.044531 0.053750
0 0.256641 0.463125 0.032031 0.033750
0 0.249609 0.501875 0.033594 0.038750
0 0.015234 0.455625 0.028906 0.038750
1 0.016797 0.522500 0.030469 0.027500
1 0.022266 0.337500 0.032031 0.027500
0 0.038672 0.481875 0.047656 0.053750
1 0.087109 0.382500 0.033594 0.032500
1 0.128125 0.452500 0.031250 0.032500
1 0.195703 0.535625 0.033594 0.028750
0 0.461328 0.428750 0.030469 0.045000
0 0.451562 0.460000 0.031250 0.052500
0 0.486328 0.485625 0.032031 0.028750
0 0.519922 0.435625 0.044531 0.043750
0 0.290625 0.580000 0.026562 0.035000
0 0.242578 0.388750 0.042969 0.030000
1 0.157031 0.451250 0.026562 0.020000
1 0.476953 0.513125 0.028906 0.023750
1 0.224609 0.460625 0.032031 0.028750
1 0.445312 0.673125 0.048438 0.023750
1 0.655469 0.454375 0.040625 0.033750
0 0.793750 0.514375 0.037500 0.051250
1 0.737109 0.570625 0.039844 0.031250
0 0.536328 0.529375 0.028906 0.031250
0 0.535547 0.495000 0.042969 0.045000
