1 0.010547 0.443125 0.019531 0.023750
1 0.020313 0.511875 0.039062 0.051250
1 0.037109 0.544375 0.042969 0.063750
1 0.073828 0.625000 0.046094 0.027500
1 0.048047 0.742500 0.033594 0.027500
1 0.091406 0.528125 0.053125 0.046250
1 0.078125 0.481250 0.032813 0.032500
1 0.130859 0.410625 0.049219 0.026250
1 0.150781 0.462500 0.043750 0.060000
1 0.158984 0.559375 0.039844 0.033750
1 0.153906 0.606875 0.042188 0.026250
0 0.150391 0.631250 0.047656 0.015000
1 0.114844 0.630625 0.029687 0.021250
1 0.200000 0.473125 0.039062 0.023750
1 0.192969 0.510000 0.037500 0.030000
1 0.222656 0.509375 0.034375 0.018750
1 0.275391 0.556250 0.036719 0.030000
1 0.298047 0.577500 0.033594 0.035000
1 0.342187 0.576875 0.031250 0.026250
1 0.347656 0.502500 0.035937 0.030000
1 0.388281 0.530000 0.031250 0.035000
1 0.466797 0.485625 0.035156 0.028750
1 0.451172 0.523750 0.061719 0.042500
1 0.457813 0.561250 0.065625 0.035000
1 0.439844 0.598750 0.068750 0.042500
1 0.514453 0.584375 0.036719 0.031250
1 0.503906 0.548750 0.040625 0.020000
0 0.533594 0.512500 0.034375 0.020000
1 0.573438 0.525625 0.042188 0.021250
1 0.616797 0.515625 0.033594 0.033750
1 0.553125 0.543125 0.032813 0.023750
1 0.664453 0.569375 0.032031 0.038750
1 0.678906 0.653125 0.045312 0.026250
1 0.675391 0.616250 0.039844 0.040000
1 0.700781 0.557500 0.040625 0.037500
1 0.746875 0.541250 0.031250 0.032500
1 0.752734 0.595625 0.030469 0.028750
1 0.781641 0.563750 0.038281 0.047500
0 0.013672 0.253125 0.025781 0.013750
0 0.234766 0.819375 0.046094 0.021250
0 0.264453 0.793125 0.049219 0.026250
0 0.423438 0.649375 0.035937 0.016250
0 0.112500 0.306250 0.043750 0.025000
0 0.376172 0.463750 0.039844 0.017500
0 0.599609 0.666250 0.041406 0.017500
0 0.713281 0.583125 0.029687 0.016250
0 0.304688 0.606875 0.053125 0.016250
0 0.242188 0.571875 0.034375 0.018750
0 0.343750 0.651250 0.042188 0.015000
0 0.380469 0.435625 0.040625 0.023750
