0 0.157422 0.573750 0.041406 0.022500
0 0.217969 0.564375 0.043750 0.028750
0 0.181250 0.459375 0.037500 0.018750
0 0.065234 0.438750 0.047656 0.022500
0 0.388281 0.605000 0.042188 0.032500
0 0.325000 0.575000 0.032813 0.020000
0 0.514844 0.452500 0.032813 0.025000
0 0.511328 0.604375 0.041406 0.033750
0 0.460938 0.571250 0.032813 0.030000
0 0.425781 0.576875 0.035937 0.023750
0 0.445703 0.623125 0.049219 0.033750
0 0.733984 0.574375 0.036719 0.023750
0 0.592969 0.615000 0.032813 0.025000
0 0.578516 0.581875 0.042969 0.018750
0 0.555078 0.620625 0.030469 0.018750
0 0.506641 0.692500 0.039844 0.020000
0 0.449219 0.733750 0.032813 0.020000
0 0.623437 0.668125 0.037500 0.021250
0 0.612109 0.693125 0.030469 0.023750
0 0.664062 0.625625 0.043750 0.018750
0 0.681641 0.590625 0.044531 0.021250
0 0.060156 0.976250 0.037500 0.027500
0 0.150391 0.756250 0.042969 0.020000
0 0.316406 0.603125 0.032813 0.016250
0 0.279297 0.613125 0.036719 0.023750
0 0.255078 0.523125 0.038281 0.021250
0 0.032031 0.750625 0.040625 0.023750
0 0.428906 0.865000 0.028125 0.025000
0 0.650391 0.672500 0.027344 0.022500
0 0.567969 0.760000 0.025000 0.025000
1 0.684766 0.566875 0.030469 0.031250
0 0.305859 0.701875 0.047656 0.018750
0 0.712500 0.630625 0.037500 0.016250
0 0.721484 0.650625 0.039844 0.013750
0 0.721875 0.673750 0.039062 0.015000
0 0.308984 0.385000 0.030469 0.025000
0 0.373047 0.759375 0.039844 0.023750
0 0.448828 0.651875 0.035156 0.018750
0 0.019141 0.543750 0.036719 0.017500
0 0.756641 0.558750 0.036719 0.020000
