1 0.033594 0.556875 0.039062 0.038750
1 0.007031 0.538125 0.012500 0.043750
0 0.019141 0.410625 0.036719 0.018750
0 0.111328 0.383125 0.036719 0.018750
1 0.094922 0.450625 0.038281 0.031250
1 0.082422 0.588125 0.035156 0.026250
0 0.028516 0.684375 0.036719 0.018750
0 0.108984 0.671250 0.038281 0.017500
0 0.215234 0.731875 0.039844 0.021250
1 0.178906 0.608750 0.037500 0.052500
1 0.142578 0.521875 0.036719 0.046250
1 0.178906 0.486875 0.064062 0.031250
1 0.191016 0.528750 0.053906 0.040000
1 0.226953 0.562500 0.050781 0.057500
1 0.166016 0.568750 0.053906 0.037500
1 0.224609 0.448125 0.039844 0.033750
0 0.225391 0.490000 0.028906 0.022500
0 0.284375 0.559375 0.037500 0.018750
1 0.289844 0.470000 0.046875 0.035000
1 0.350000 0.484375 0.039062 0.023750
1 0.375781 0.656250 0.040625 0.022500
1 0.431641 0.616875 0.035156 0.041250
1 0.416797 0.545000 0.039844 0.057500
1 0.500000 0.516250 0.051562 0.050000
0 0.491797 0.444375 0.041406 0.021250
0 0.567969 0.488750 0.040625 0.017500
0 0.590625 0.548750 0.034375 0.020000
0 0.518750 0.558750 0.040625 0.015000
0 0.450781 0.581875 0.034375 0.016250
1 0.507422 0.586250 0.033594 0.032500
1 0.667188 0.598125 0.057813 0.046250
1 0.735938 0.533125 0.045312 0.051250
0 0.741016 0.580000 0.038281 0.022500
1 0.803125 0.573750 0.039062 0.047500
1 0.832031 0.550000 0.034375 0.045000
0 0.342578 0.348750 0.042969 0.020000
0 0.699609 0.540625 0.038281 0.026250
0 0.444531 0.466250 0.039062 0.020000
0 0.363672 0.523125 0.033594 0.016250
0 0.666016 0.545625 0.033594 0.016250
1 0.291016 0.511250 0.032031 0.030000
0 0.639062 0.553750 0.040625 0.020000
0 0.295312 0.736875 0.034375 0.018750
