0 0.192969 0.601250 0.039062 0.017500
0 0.696875 0.583750 0.037500 0.017500
0 0.643359 0.549375 0.039844 0.026250
0 0.500000 0.440000 0.037500 0.030000
0 0.323437 0.656875 0.042188 0.013750
0 0.288281 0.656250 0.032813 0.017500
0 0.360938 0.588750 0.039062 0.017500
0 0.251563 0.563125 0.042188 0.021250
0 0.254297 0.465625 0.042969 0.028750
0 0.119531 0.446250 0.037500 0.027500
0 0.021094 0.514375 0.040625 0.028750
0 0.016016 0.562500 0.030469 0.020000
0 0.027734 0.593125 0.041406 0.018750
0 0.072656 0.600000 0.045312 0.022500
0 0.026953 0.618750 0.052344 0.020000
0 0.061719 0.541875 0.043750 0.028750
0 0.123438 0.690625 0.042188 0.013750
0 0.116406 0.721875 0.042188 0.016250
0 0.090625 0.734375 0.021875 0.013750
0 0.276172 0.738750 0.038281 0.017500
0 0.266797 0.756250 0.046094 0.022500
0 0.644531 0.590625 0.046875 0.028750
0 0.483984 0.586250 0.046094 0.027500
0 0.811328 0.621875 0.046094 0.021250
0 0.747266 0.633125 0.047656 0.026250
0 0.759766 0.612500 0.036719 0.030000
0 0.646875 0.662500 0.060937 0.017500
0 0.651953 0.698125 0.058594 0.018750
0 0.744531 0.707500 0.057813 0.027500
1 0.685156 0.615000 0.031250 0.032500
1 0.360547 0.530625 0.028906 0.041250
1 0.294531 0.612500 0.043750 0.042500
1 0.239844 0.615000 0.042188 0.050000
0 0.557813 0.564375 0.054688 0.026250
0 0.361719 0.705625 0.050000 0.016250
0 0.024609 0.658750 0.044531 0.020000
0 0.313281 0.675000 0.048438 0.017500
0 0.532422 0.656875 0.041406 0.021250
