0 0.396094 0.698750 0.042188 0.020000
0 0.253906 0.590000 0.032813 0.020000
0 0.161719 0.632500 0.039062 0.022500
0 0.049219 0.455625 0.032813 0.023750
0 0.798438 0.654375 0.039062 0.023750
0 0.819922 0.620000 0.042969 0.017500
0 0.600391 0.633125 0.044531 0.018750
0 0.595313 0.714375 0.045312 0.018750
0 0.286719 0.699375 0.043750 0.021250
0 0.270313 0.729375 0.043750 0.023750
0 0.528125 0.650000 0.043750 0.020000
0 0.542188 0.611875 0.050000 0.023750
0 0.758594 0.720000 0.023438 0.012500
0 0.689063 0.690000 0.028125 0.025000
0 0.590234 0.547500 0.047656 0.022500
0 0.319531 0.510625 0.042188 0.023750
0 0.116016 0.672500 0.057031 0.020000
1 0.171094 0.760625 0.034375 0.033750
1 0.544922 0.577500 0.033594 0.047500
1 0.677344 0.625000 0.039062 0.047500
1 0.737109 0.665625 0.039844 0.031250
