0 0.057813 0.274375 0.037500 0.018750
0 0.040234 0.408750 0.028906 0.017500
0 0.066016 0.488750 0.032031 0.017500
0 0.052344 0.503750 0.035937 0.017500
0 0.114062 0.592500 0.042188 0.022500
0 0.088672 0.801250 0.028906 0.020000
0 0.175391 0.557500 0.033594 0.017500
0 0.203906 0.582500 0.037500 0.017500
0 0.265625 0.564375 0.028125 0.018750
0 0.223828 0.356250 0.036719 0.020000
0 0.192188 0.400625 0.034375 0.016250
0 0.425391 0.677500 0.039844 0.017500
0 0.575781 0.666250 0.035937 0.015000
0 0.515234 0.673125 0.038281 0.016250
0 0.462109 0.587500 0.032031 0.015000
0 0.480078 0.562500 0.033594 0.017500
0 0.330469 0.485625 0.035937 0.018750
0 0.407031 0.474375 0.031250 0.021250
0 0.374219 0.588750 0.056250 0.022500
0 0.284375 0.433750 0.031250 0.015000
0 0.640234 0.613750 0.032031 0.017500
0 0.518750 0.520625 0.032813 0.016250
1 0.139844 0.457500 0.048438 0.040000
1 0.133984 0.504375 0.046094 0.058750
1 0.185938 0.480000 0.040625 0.030000
1 0.232813 0.481875 0.035937 0.026250
1 0.268359 0.465000 0.038281 0.025000
1 0.284375 0.373750 0.040625 0.027500
1 0.318359 0.461875 0.035156 0.026250
0 0.378906 0.518125 0.032813 0.026250
1 0.230469 0.546250 0.042188 0.050000
1 0.271484 0.513750 0.042969 0.032500
1 0.423438 0.496250 0.039062 0.027500
1 0.484766 0.475625 0.035156 0.043750
1 0.520312 0.551875 0.032813 0.038750
1 0.550000 0.588750 0.043750 0.030000
1 0.562109 0.527500 0.041406 0.045000
1 0.597266 0.565625 0.035156 0.026250
1 0.581250 0.486875 0.039062 0.043750
1 0.606250 0.510000 0.025000 0.030000
1 0.653906 0.510000 0.035937 0.030000
1 0.723047 0.514375 0.047656 0.043750
1 0.637109 0.578125 0.039844 0.038750
1 0.700000 0.584375 0.023438 0.036250
1 0.782031 0.596875 0.048438 0.026250
1 0.820703 0.551250 0.035156 0.025000
1 0.833594 0.613125 0.037500 0.053750
1 0.722266 0.566875 0.030469 0.038750
0 0.011328 0.585625 0.021094 0.058750
0 0.455859 0.437500 0.033594 0.017500
0 0.183984 0.540625 0.042969 0.016250
1 0.644922 0.541250 0.038281 0.027500
0 0.609375 0.458125 0.040625 0.023750
