0 0.548438 0.723750 0.053125 0.022500
0 0.632422 0.626250 0.049219 0.015000
1 0.574219 0.609375 0.032813 0.031250
1 0.175000 0.601875 0.032813 0.028750
1 0.139844 0.606875 0.028125 0.026250
1 0.278906 0.521875 0.039062 0.046250
0 0.483984 0.484375 0.038281 0.023750
0 0.326953 0.362500 0.042969 0.030000
0 0.612109 0.608750 0.035156 0.017500
0 0.639453 0.602500 0.032031 0.015000
0 0.629297 0.587500 0.035156 0.020000
0 0.133203 0.670000 0.042969 0.015000
0 0.150781 0.643750 0.035937 0.012500
0 0.110547 0.623750 0.033594 0.012500
0 0.325391 0.558125 0.033594 0.018750
0 0.092578 0.768125 0.041406 0.021250
0 0.147266 0.754375 0.033594 0.016250
0 0.691797 0.568125 0.047656 0.018750
0 0.679688 0.618125 0.046875 0.023750
0 0.475781 0.698125 0.039062 0.013750
0 0.482031 0.676875 0.043750 0.016250
0 0.535156 0.586250 0.026562 0.017500
0 0.512891 0.574375 0.030469 0.016250
0 0.623437 0.646875 0.043750 0.018750
0 0.790625 0.677500 0.045312 0.020000
0 0.720703 0.593750 0.039844 0.027500
0 0.739844 0.608125 0.042188 0.018750
0 0.083984 0.431875 0.042969 0.026250
0 0.198828 0.581250 0.036719 0.015000
0 0.095703 0.542500 0.041406 0.020000
0 0.027734 0.575000 0.033594 0.017500
0 0.017188 0.640000 0.032813 0.015000
0 0.398438 0.545625 0.048438 0.021250
