1 0.491406 0.652500 0.039062 0.020000
1 0.131641 0.833750 0.030469 0.020000
1 0.119141 0.687500 0.041406 0.022500
1 0.102344 0.654375 0.045312 0.021250
1 0.029687 0.725625 0.032813 0.026250
1 0.134375 0.293750 0.039062 0.032500
1 0.057422 0.278750 0.039844 0.025000
1 0.407813 0.448125 0.037500 0.023750
1 0.326172 0.504375 0.032031 0.016250
1 0.176953 0.450000 0.039844 0.025000
1 0.132812 0.384375 0.040625 0.031250
1 0.344141 0.362500 0.041406 0.025000
1 0.490234 0.433125 0.038281 0.031250
1 0.315234 0.471250 0.038281 0.027500
0 0.032031 0.555625 0.046875 0.036250
0 0.039453 0.526875 0.032031 0.033750
0 0.066406 0.538750 0.039062 0.040000
0 0.116016 0.538125 0.036719 0.053750
0 0.194922 0.592500 0.041406 0.035000
1 0.174219 0.584375 0.039062 0.026250
0 0.163672 0.548750 0.039844 0.052500
0 0.175781 0.518750 0.034375 0.050000
0 0.121875 0.480000 0.040625 0.042500
0 0.044922 0.483125 0.042969 0.046250
0 0.031250 0.439375 0.045312 0.043750
1 0.040234 0.308125 0.033594 0.026250
0 0.076172 0.426875 0.041406 0.058750
1 0.019922 0.337500 0.038281 0.017500
1 0.213672 0.466250 0.036719 0.027500
0 0.208984 0.419375 0.046094 0.058750
0 0.228125 0.391250 0.035937 0.050000
0 0.186328 0.309375 0.036719 0.046250
0 0.281641 0.497500 0.032031 0.037500
0 0.336719 0.411875 0.032813 0.036250
1 0.434766 0.473750 0.038281 0.022500
0 0.455469 0.476875 0.028125 0.036250
0 0.519922 0.583125 0.039844 0.036250
0 0.501953 0.462500 0.033594 0.032500
0 0.582031 0.428125 0.037500 0.043750
0 0.548828 0.434375 0.038281 0.031250
0 0.551953 0.466250 0.036719 0.042500
0 0.580859 0.546875 0.046094 0.061250
0 0.546875 0.502500 0.045312 0.027500
1 0.588672 0.490625 0.039844 0.031250
1 0.470313 0.530625 0.040625 0.026250
1 0.473047 0.557500 0.046094 0.027500
1 0.439063 0.513750 0.043750 0.027500
0 0.684375 0.584375 0.029687 0.043750
0 0.676953 0.495625 0.035156 0.051250
1 0.401953 0.430625 0.038281 0.021250
1 0.347266 0.716250 0.050781 0.020000
1 0.293750 0.436250 0.043750 0.020000
1 0.266016 0.305000 0.044531 0.020000
0 0.183594 0.361250 0.039062 0.030000
