0 0.105469 0.617500 0.040625 0.020000
0 0.060156 0.667500 0.040625 0.020000
0 0.122266 0.609375 0.042969 0.016250
0 0.235156 0.616875 0.043750 0.021250
0 0.262109 0.697500 0.033594 0.022500
1 0.587500 0.641250 0.039062 0.032500
1 0.519531 0.670625 0.040625 0.031250
1 0.490625 0.638750 0.035937 0.047500
0 0.033203 0.571875 0.039844 0.036250
1 0.379297 0.495000 0.033594 0.032500
0 0.359375 0.513750 0.037500 0.022500
0 0.175391 0.355625 0.028906 0.023750
0 0.256250 0.471250 0.039062 0.022500
0 0.201172 0.503125 0.039844 0.023750
0 0.129688 0.499375 0.042188 0.021250
0 0.041797 0.520000 0.035156 0.020000
0 0.057031 0.455625 0.043750 0.016250
0 0.216406 0.568125 0.034375 0.031250
0 0.101953 0.833750 0.038281 0.020000
0 0.262109 0.976250 0.019531 0.015000
0 0.321094 0.780625 0.029687 0.018750
0 0.449609 0.575000 0.044531 0.017500
1 0.674609 0.628750 0.035156 0.032500
0 0.673828 0.547500 0.033594 0.025000
0 0.034766 0.425625 0.033594 0.018750
0 0.070312 0.603125 0.042188 0.033750
0 0.108984 0.576250 0.028906 0.020000
0 0.718750 0.549375 0.050000 0.026250
0 0.397266 0.483125 0.033594 0.023750
0 0.353516 0.870000 0.027344 0.022500
0 0.343359 0.541875 0.042969 0.018750
0 0.194922 0.589375 0.039844 0.018750
0 0.525781 0.646250 0.032813 0.020000
0 0.546094 0.633125 0.032813 0.016250
0 0.317188 0.617500 0.043750 0.020000
0 0.776172 0.663750 0.046094 0.022500
0 0.452734 0.612500 0.044531 0.022500
0 0.510547 0.726250 0.038281 0.020000
