1 0.008594 0.448750 0.015625 0.047500
1 0.018359 0.570625 0.035156 0.038750
1 0.085938 0.353125 0.040625 0.046250
1 0.056641 0.451250 0.047656 0.037500
1 0.120703 0.453750 0.032031 0.030000
1 0.100000 0.521250 0.035937 0.035000
1 0.100391 0.476875 0.052344 0.048750
1 0.145313 0.528125 0.039062 0.053750
1 0.196094 0.618125 0.043750 0.033750
1 0.172656 0.718750 0.034375 0.020000
1 0.203516 0.490000 0.028906 0.030000
1 0.214453 0.528750 0.038281 0.030000
1 0.181641 0.560625 0.055469 0.046250
1 0.278906 0.454375 0.043750 0.036250
1 0.280859 0.491250 0.044531 0.045000
1 0.253906 0.630000 0.046875 0.027500
1 0.300781 0.568125 0.042188 0.028750
1 0.296094 0.605625 0.043750 0.026250
1 0.332813 0.492500 0.042188 0.032500
1 0.325000 0.526875 0.040625 0.036250
1 0.383984 0.529375 0.042969 0.026250
1 0.423438 0.580625 0.048438 0.056250
1 0.473828 0.530000 0.036719 0.032500
1 0.508984 0.541875 0.033594 0.033750
1 0.472266 0.567500 0.033594 0.040000
1 0.588281 0.503750 0.035937 0.032500
1 0.603906 0.587500 0.037500 0.047500
0 0.545703 0.490000 0.039844 0.017500
1 0.835156 0.570625 0.039062 0.046250
1 0.744141 0.525000 0.039844 0.027500
1 0.834766 0.653750 0.039844 0.025000
1 0.645312 0.598125 0.031250 0.036250
1 0.581641 0.536875 0.071094 0.031250
1 0.563672 0.586250 0.041406 0.057500
0 0.683203 0.521250 0.032031 0.022500
1 0.654297 0.560000 0.033594 0.020000
1 0.701172 0.556875 0.041406 0.036250
1 0.771484 0.578750 0.030469 0.037500
1 0.792578 0.622500 0.027344 0.050000
0 0.428516 0.755000 0.047656 0.012500
0 0.477734 0.713125 0.044531 0.026250
0 0.580078 0.637500 0.036719 0.017500
0 0.388672 0.638125 0.052344 0.016250
0 0.143750 0.321250 0.040625 0.022500
0 0.199609 0.308750 0.042969 0.022500
0 0.323828 0.344375 0.033594 0.023750
0 0.301172 0.364375 0.042969 0.023750
0 0.470313 0.600625 0.035937 0.011250
0 0.137109 0.606250 0.046094 0.015000
0 0.771484 0.635000 0.032031 0.010000
1 0.695312 0.604375 0.035937 0.031250
