1 0.062891 0.722500 0.038281 0.022500
1 0.132422 0.652500 0.039844 0.020000
1 0.152344 0.684375 0.043750 0.021250
1 0.152734 0.824375 0.027344 0.018750
1 0.385156 0.707500 0.037500 0.020000
1 0.526172 0.646250 0.041406 0.022500
1 0.210156 0.454375 0.037500 0.018750
1 0.049609 0.345000 0.036719 0.025000
1 0.093359 0.291875 0.039844 0.028750
1 0.435937 0.451250 0.032813 0.025000
1 0.342969 0.475000 0.035937 0.025000
1 0.165625 0.390625 0.040625 0.031250
1 0.163672 0.308750 0.042969 0.025000
1 0.294531 0.380000 0.039062 0.020000
0 0.217969 0.366250 0.037500 0.035000
0 0.219531 0.318750 0.037500 0.040000
0 0.065234 0.445625 0.041406 0.043750
0 0.078125 0.485000 0.048438 0.040000
0 0.057422 0.559375 0.049219 0.046250
0 0.094531 0.540625 0.039062 0.043750
0 0.157422 0.483750 0.039844 0.047500
0 0.146875 0.536875 0.037500 0.053750
0 0.217578 0.591250 0.049219 0.042500
0 0.308594 0.501875 0.035937 0.041250
0 0.362891 0.423750 0.041406 0.035000
0 0.242578 0.421875 0.038281 0.061250
1 0.242188 0.465625 0.037500 0.031250
0 0.194141 0.549375 0.038281 0.051250
0 0.199609 0.511250 0.036719 0.035000
1 0.066016 0.318750 0.042969 0.032500
1 0.524609 0.439375 0.039844 0.036250
0 0.468750 0.479375 0.048438 0.036250
0 0.609375 0.433125 0.039062 0.043750
0 0.578516 0.458750 0.041406 0.065000
0 0.714844 0.584375 0.035937 0.041250
0 0.550781 0.580625 0.034375 0.041250
0 0.600000 0.548125 0.039062 0.056250
1 0.496094 0.532500 0.046875 0.027500
1 0.500391 0.561250 0.042969 0.025000
1 0.463672 0.516875 0.039844 0.028750
0 0.531641 0.475000 0.036719 0.047500
1 0.576953 0.505000 0.036719 0.027500
1 0.382031 0.530625 0.045312 0.021250
0 0.113672 0.445000 0.039844 0.042500
1 0.262891 0.518750 0.041406 0.020000
1 0.375391 0.368750 0.041406 0.022500
0 0.759766 0.573125 0.035156 0.046250
0 0.709766 0.497500 0.044531 0.067500
