1 0.259766 0.497500 0.053906 0.035000
1 0.034766 0.298125 0.035156 0.036250
1 0.023828 0.378125 0.039844 0.036250
1 0.054297 0.639375 0.042969 0.033750
1 0.093359 0.906875 0.033594 0.028750
1 0.067578 0.561875 0.032031 0.031250
1 0.134766 0.535000 0.044531 0.022500
1 0.165234 0.569375 0.038281 0.036250
1 0.122266 0.573750 0.041406 0.052500
1 0.235937 0.586875 0.040625 0.048750
1 0.321094 0.415000 0.037500 0.035000
1 0.329297 0.495625 0.033594 0.033750
1 0.359766 0.491250 0.032031 0.032500
1 0.369922 0.518750 0.042969 0.032500
1 0.390234 0.547500 0.033594 0.047500
0 0.316016 0.599375 0.039844 0.018750
0 0.320703 0.543125 0.049219 0.016250
1 0.318359 0.565625 0.038281 0.021250
1 0.420703 0.674375 0.036719 0.026250
1 0.426563 0.493125 0.045312 0.028750
1 0.450391 0.518125 0.038281 0.028750
1 0.436328 0.554375 0.035156 0.036250
1 0.444531 0.594375 0.031250 0.066250
1 0.473828 0.555000 0.033594 0.030000
1 0.536328 0.632500 0.038281 0.032500
1 0.567578 0.601250 0.039844 0.035000
1 0.523828 0.547500 0.038281 0.050000
1 0.556250 0.510000 0.039062 0.045000
1 0.565625 0.550000 0.028125 0.027500
1 0.602734 0.540000 0.038281 0.047500
1 0.594531 0.580000 0.039062 0.025000
1 0.751172 0.560625 0.027344 0.028750
1 0.723047 0.578750 0.047656 0.037500
1 0.691016 0.603750 0.032031 0.070000
1 0.815625 0.530625 0.050000 0.031250
1 0.833984 0.553125 0.039844 0.038750
1 0.828125 0.606250 0.045312 0.050000
0 0.075000 0.771250 0.043750 0.015000
0 0.057422 0.732500 0.041406 0.017500
0 0.208203 0.708125 0.036719 0.018750
0 0.240625 0.765000 0.045312 0.017500
0 0.051953 0.512500 0.044531 0.020000
0 0.047266 0.480625 0.050781 0.026250
0 0.151172 0.491875 0.039844 0.023750
0 0.108594 0.382500 0.048438 0.022500
0 0.123047 0.415625 0.046094 0.018750
0 0.065625 0.434375 0.034375 0.018750
0 0.148438 0.328750 0.042188 0.022500
0 0.244141 0.367500 0.033594 0.022500
0 0.246094 0.327500 0.040625 0.025000
0 0.285547 0.345625 0.049219 0.018750
0 0.488672 0.468750 0.035156 0.030000
0 0.589453 0.433750 0.038281 0.022500
0 0.593359 0.493125 0.036719 0.021250
0 0.631250 0.469375 0.034375 0.023750
0 0.664844 0.474375 0.040625 0.023750
1 0.369531 0.536875 0.021875 0.023750
