0 0.762891 0.677500 0.039844 0.015000
0 0.639844 0.682500 0.046875 0.022500
0 0.539453 0.653125 0.049219 0.021250
0 0.526172 0.625625 0.049219 0.018750
0 0.529297 0.588750 0.060156 0.025000
0 0.533594 0.558750 0.045312 0.025000
0 0.352344 0.585625 0.032813 0.018750
0 0.382031 0.565000 0.053125 0.022500
0 0.405469 0.545625 0.039062 0.026250
0 0.446875 0.545000 0.060937 0.025000
0 0.337500 0.630000 0.042188 0.020000
0 0.292187 0.647500 0.056250 0.020000
0 0.079297 0.519375 0.042969 0.021250
0 0.216406 0.383750 0.053125 0.025000
0 0.218359 0.560000 0.042969 0.022500
0 0.240234 0.745000 0.049219 0.022500
1 0.144531 0.508750 0.035937 0.035000
0 0.671094 0.611875 0.039062 0.016250
0 0.633984 0.646250 0.039844 0.030000
0 0.650391 0.593750 0.042969 0.030000
0 0.675781 0.543750 0.032813 0.020000
0 0.619141 0.565000 0.046094 0.027500
0 0.185547 0.694375 0.058594 0.021250
0 0.122656 0.706250 0.039062 0.017500
0 0.510547 0.680625 0.050781 0.021250
0 0.813281 0.650000 0.031250 0.020000
0 0.764062 0.658125 0.035937 0.026250
0 0.036719 0.230000 0.039062 0.030000
0 0.745703 0.548750 0.041406 0.027500
0 0.562891 0.696875 0.047656 0.026250
1 0.409766 0.608750 0.030469 0.027500
