0 0.758984 0.679375 0.039844 0.018750
0 0.719141 0.715000 0.041406 0.025000
0 0.607422 0.702500 0.033594 0.022500
0 0.509375 0.687500 0.037500 0.022500
0 0.233594 0.796875 0.039062 0.021250
0 0.258984 0.713750 0.038281 0.022500
0 0.183203 0.673125 0.058594 0.031250
0 0.092188 0.644375 0.042188 0.021250
0 0.333594 0.731875 0.031250 0.018750
0 0.366797 0.704375 0.047656 0.026250
0 0.343750 0.634375 0.032813 0.021250
0 0.370703 0.604375 0.030469 0.018750
0 0.402344 0.596875 0.037500 0.023750
0 0.310156 0.508125 0.039062 0.031250
0 0.516016 0.551875 0.041406 0.028750
0 0.683203 0.623125 0.041406 0.021250
0 0.628906 0.619375 0.034375 0.018750
0 0.755469 0.605625 0.037500 0.021250
0 0.693750 0.576250 0.056250 0.027500
0 0.806641 0.691250 0.042969 0.020000
0 0.801562 0.646875 0.045312 0.023750
0 0.373437 0.531875 0.051562 0.018750
0 0.525000 0.649375 0.032813 0.013750
0 0.490625 0.652500 0.034375 0.020000
0 0.460547 0.586250 0.042969 0.020000
0 0.437891 0.705625 0.046094 0.018750
0 0.399219 0.654375 0.053125 0.018750
1 0.567187 0.559375 0.032813 0.051250
1 0.478125 0.621250 0.037500 0.032500
1 0.610938 0.646250 0.039062 0.037500
1 0.094141 0.527500 0.032031 0.047500
1 0.219141 0.599375 0.032031 0.056250
1 0.286719 0.570625 0.039062 0.041250
0 0.728516 0.345000 0.013281 0.022500
0 0.642969 0.276875 0.017188 0.023750
0 0.410547 0.619375 0.036719 0.018750
0 0.352734 0.440000 0.044531 0.022500
0 0.575000 0.488125 0.026562 0.023750
