1 0.424609 0.739375 0.035156 0.021250
0 0.646484 0.551875 0.038281 0.048750
1 0.435547 0.663125 0.044531 0.026250
1 0.402344 0.610000 0.037500 0.017500
1 0.321875 0.639375 0.039062 0.016250
1 0.204687 0.655625 0.050000 0.018750
1 0.082812 0.847500 0.042188 0.015000
1 0.021875 0.650625 0.040625 0.021250
1 0.043359 0.583750 0.028906 0.015000
1 0.019141 0.561250 0.027344 0.017500
1 0.078516 0.500625 0.036719 0.026250
0 0.045312 0.536875 0.020313 0.023750
1 0.433984 0.368750 0.047656 0.027500
1 0.318359 0.350000 0.038281 0.025000
1 0.357422 0.610000 0.038281 0.020000
1 0.299219 0.550000 0.037500 0.020000
1 0.357812 0.490625 0.039062 0.031250
1 0.048828 0.333125 0.033594 0.023750
1 0.599219 0.598750 0.048438 0.017500
0 0.550000 0.603750 0.029687 0.037500
0 0.555078 0.415625 0.036719 0.051250
0 0.121484 0.494375 0.036719 0.036250
0 0.075781 0.441250 0.040625 0.040000
0 0.036328 0.421875 0.030469 0.043750
0 0.131641 0.310625 0.049219 0.048750
0 0.125391 0.360000 0.050781 0.060000
0 0.091797 0.407500 0.046094 0.062500
1 0.128906 0.450625 0.039062 0.023750
0 0.234375 0.431250 0.043750 0.045000
0 0.144531 0.546250 0.035937 0.037500
0 0.267578 0.530625 0.038281 0.043750
0 0.290234 0.489375 0.035156 0.046250
0 0.351172 0.441875 0.038281 0.048750
0 0.389062 0.437500 0.040625 0.040000
0 0.389453 0.395000 0.033594 0.035000
1 0.376563 0.561875 0.039062 0.031250
0 0.183594 0.483750 0.031250 0.040000
0 0.172656 0.520625 0.043750 0.041250
0 0.211719 0.550625 0.046875 0.051250
0 0.216797 0.499375 0.044531 0.053750
0 0.160156 0.427500 0.029687 0.032500
0 0.186328 0.425625 0.030469 0.051250
0 0.535156 0.470000 0.035937 0.040000
0 0.574609 0.505000 0.057031 0.065000
0 0.680469 0.523125 0.040625 0.046250
0 0.475781 0.472500 0.032813 0.037500
0 0.478906 0.515625 0.031250 0.036250
0 0.548438 0.571250 0.059375 0.045000
0 0.502734 0.549375 0.053906 0.056250
0 0.424219 0.576875 0.035937 0.043750
0 0.438672 0.552500 0.049219 0.050000
0 0.804688 0.589375 0.031250 0.036250
0 0.835547 0.610000 0.025781 0.037500
0 0.801953 0.515625 0.033594 0.041250
0 0.797266 0.550625 0.038281 0.041250
0 0.766016 0.498125 0.032031 0.033750
1 0.610156 0.444375 0.039062 0.028750
1 0.403906 0.513125 0.046875 0.036250
1 0.091016 0.688750 0.039844 0.025000
