0 0.724219 0.680000 0.048438 0.022500
0 0.626953 0.654375 0.033594 0.018750
0 0.612109 0.623750 0.027344 0.020000
0 0.209375 0.579375 0.039062 0.021250
0 0.369922 0.841875 0.035156 0.018750
0 0.207031 0.515625 0.032813 0.018750
0 0.487500 0.568750 0.029687 0.017500
1 0.417969 0.721250 0.034375 0.037500
1 0.832812 0.616250 0.032813 0.040000
1 0.139063 0.676250 0.048438 0.042500
0 0.769531 0.653125 0.043750 0.018750
0 0.487109 0.667500 0.058594 0.015000
0 0.400391 0.746875 0.047656 0.023750
0 0.020313 0.520625 0.039062 0.018750
