0 0.082812 0.780625 0.035937 0.021250
0 0.027344 0.724375 0.040625 0.016250
0 0.076172 0.691250 0.044531 0.020000
0 0.245703 0.672500 0.036719 0.022500
0 0.214453 0.608750 0.030469 0.017500
0 0.336328 0.628750 0.027344 0.017500
0 0.325391 0.596875 0.033594 0.021250
0 0.448047 0.638750 0.033594 0.022500
0 0.014453 0.522500 0.027344 0.025000
0 0.021484 0.421875 0.028906 0.018750
0 0.054688 0.435625 0.031250 0.021250
0 0.019141 0.335000 0.036719 0.020000
0 0.247266 0.294375 0.030469 0.016250
0 0.446094 0.426250 0.035937 0.020000
0 0.359766 0.471250 0.041406 0.015000
0 0.333203 0.382500 0.036719 0.020000
0 0.580469 0.645625 0.029687 0.016250
0 0.489453 0.608125 0.032031 0.023750
0 0.618359 0.515000 0.033594 0.015000
0 0.080078 0.567500 0.036719 0.017500
0 0.039453 0.585000 0.030469 0.017500
1 0.112109 0.568125 0.044531 0.033750
1 0.094922 0.457500 0.032031 0.040000
1 0.117969 0.428750 0.050000 0.035000
1 0.161719 0.406875 0.032813 0.038750
1 0.147266 0.519375 0.038281 0.038750
1 0.242188 0.411250 0.029687 0.030000
1 0.273438 0.448125 0.046875 0.041250
0 0.332031 0.438750 0.040625 0.025000
1 0.271875 0.587500 0.054688 0.042500
1 0.231641 0.553750 0.033594 0.030000
1 0.280469 0.523125 0.039062 0.041250
1 0.314844 0.507500 0.032813 0.045000
1 0.347266 0.503750 0.036719 0.037500
1 0.227344 0.490000 0.032813 0.060000
1 0.377734 0.566875 0.028906 0.023750
1 0.378516 0.531250 0.032031 0.030000
1 0.419141 0.555000 0.042969 0.022500
1 0.429297 0.525625 0.036719 0.026250
0 0.255469 0.485000 0.032813 0.020000
1 0.503516 0.490000 0.041406 0.030000
1 0.482031 0.519375 0.032813 0.028750
1 0.478516 0.563750 0.038281 0.055000
1 0.536328 0.553125 0.032031 0.033750
1 0.589844 0.586875 0.051562 0.036250
1 0.567969 0.523750 0.081250 0.045000
1 0.601953 0.478750 0.042969 0.032500
1 0.651563 0.488125 0.026562 0.026250
1 0.820703 0.517500 0.030469 0.027500
1 0.782422 0.493750 0.032031 0.035000
1 0.719141 0.520625 0.039844 0.056250
1 0.680078 0.555000 0.038281 0.047500
1 0.847656 0.607500 0.029687 0.027500
1 0.704688 0.591875 0.034375 0.026250
0 0.168359 0.494375 0.030469 0.013750
0 0.453516 0.454375 0.033594 0.016250
