0 0.310937 0.615625 0.034375 0.033750
1 0.473438 0.596875 0.039062 0.028750
0 0.808594 0.645000 0.039062 0.020000
0 0.598047 0.639375 0.036719 0.018750
0 0.573047 0.609375 0.038281 0.018750
0 0.555859 0.723750 0.041406 0.025000
0 0.416797 0.816250 0.041406 0.025000
0 0.062109 0.577500 0.035156 0.025000
0 0.066406 0.485000 0.035937 0.027500
0 0.026562 0.490000 0.034375 0.025000
0 0.168359 0.472500 0.036719 0.025000
0 0.219141 0.493750 0.046094 0.025000
0 0.561328 0.780625 0.021094 0.016250
0 0.616406 0.557500 0.048438 0.027500
0 0.293750 0.550000 0.035937 0.035000
0 0.314844 0.442500 0.039062 0.027500
0 0.484766 0.509375 0.044531 0.026250
0 0.358203 0.643125 0.044531 0.026250
0 0.400391 0.715000 0.044531 0.025000
0 0.673438 0.634375 0.039062 0.031250
0 0.698438 0.609375 0.040625 0.018750
0 0.766406 0.533125 0.026562 0.026250
0 0.741016 0.573125 0.033594 0.021250
0 0.672266 0.571250 0.047656 0.020000
0 0.762109 0.635625 0.032031 0.021250
0 0.307031 0.696250 0.035937 0.022500
1 0.153516 0.598125 0.030469 0.026250
0 0.073828 0.660625 0.042969 0.026250
0 0.701953 0.655625 0.027344 0.023750
0 0.106250 0.760000 0.045312 0.020000
0 0.343359 0.561250 0.030469 0.022500
0 0.357031 0.478125 0.037500 0.023750
