1 0.228125 0.518125 0.043750 0.048750
1 0.087891 0.605000 0.038281 0.035000
1 0.515625 0.611875 0.034375 0.031250
0 0.217188 0.308125 0.039062 0.028750
0 0.052734 0.638750 0.042969 0.017500
0 0.035547 0.676875 0.038281 0.021250
0 0.071875 0.763125 0.031250 0.018750
0 0.435156 0.729375 0.048438 0.021250
0 0.366406 0.701250 0.043750 0.017500
0 0.463672 0.583125 0.036719 0.021250
0 0.410156 0.565625 0.042188 0.018750
0 0.378125 0.441250 0.043750 0.030000
0 0.618359 0.574375 0.047656 0.023750
0 0.571094 0.580625 0.026562 0.013750
0 0.549609 0.571875 0.042969 0.018750
0 0.523438 0.588750 0.034375 0.022500
0 0.770312 0.659375 0.037500 0.023750
0 0.789453 0.610625 0.033594 0.021250
0 0.764062 0.680000 0.034375 0.022500
0 0.697656 0.643125 0.035937 0.023750
0 0.678906 0.588750 0.034375 0.017500
0 0.728516 0.581250 0.038281 0.025000
0 0.817578 0.583125 0.044531 0.021250
0 0.689063 0.677500 0.039062 0.020000
0 0.014063 0.531875 0.026562 0.016250
0 0.013281 0.616250 0.025000 0.017500
0 0.305469 0.535625 0.035937 0.021250
