0 0.155859 0.604375 0.038281 0.021250
1 0.743359 0.632500 0.033594 0.030000
1 0.582422 0.665625 0.039844 0.041250
1 0.558203 0.643750 0.041406 0.027500
1 0.638672 0.643125 0.030469 0.036250
0 0.296484 0.952500 0.017969 0.017500
0 0.173437 0.813750 0.032813 0.020000
0 0.025781 0.635000 0.039062 0.025000
0 0.071094 0.600000 0.043750 0.032500
0 0.104297 0.576875 0.042969 0.026250
0 0.123047 0.531250 0.035156 0.022500
0 0.244922 0.373750 0.030469 0.022500
0 0.357031 0.491250 0.037500 0.022500
1 0.440625 0.508750 0.034375 0.027500
0 0.435156 0.525625 0.034375 0.026250
0 0.332813 0.691250 0.034375 0.025000
0 0.210547 0.623750 0.044531 0.022500
0 0.140625 0.664375 0.037500 0.018750
0 0.069531 0.725625 0.046875 0.016250
0 0.376953 0.763125 0.028906 0.018750
0 0.290234 0.576250 0.035156 0.025000
0 0.239453 0.515625 0.041406 0.021250
0 0.167578 0.470000 0.039844 0.015000
0 0.157422 0.456875 0.044531 0.016250
0 0.178125 0.572500 0.029687 0.017500
0 0.293750 0.521875 0.039062 0.021250
0 0.447656 0.555625 0.042188 0.016250
0 0.479687 0.515000 0.028125 0.020000
0 0.397266 0.851250 0.025781 0.020000
0 0.743359 0.560625 0.033594 0.021250
0 0.660156 0.642500 0.025000 0.020000
0 0.413281 0.621250 0.040625 0.015000
0 0.300781 0.602500 0.040625 0.015000
0 0.337109 0.629375 0.039844 0.016250
0 0.613281 0.646250 0.031250 0.020000
0 0.637109 0.623125 0.035156 0.011250
0 0.560547 0.581875 0.044531 0.013750
0 0.541406 0.622500 0.037500 0.027500
0 0.608984 0.713125 0.042969 0.018750
0 0.610547 0.692500 0.038281 0.015000
