1 0.399609 0.747500 0.030469 0.030000
1 0.291406 0.645625 0.029687 0.016250
1 0.324609 0.611250 0.036719 0.017500
1 0.370312 0.614375 0.039062 0.021250
1 0.606250 0.598125 0.042188 0.031250
1 0.531250 0.632500 0.046875 0.025000
1 0.162500 0.656875 0.045312 0.021250
1 0.058203 0.696875 0.038281 0.023750
1 0.021094 0.583750 0.034375 0.020000
1 0.047656 0.495625 0.039062 0.028750
1 0.101562 0.445625 0.035937 0.031250
1 0.289453 0.344375 0.032031 0.028750
1 0.202344 0.311875 0.039062 0.031250
1 0.392188 0.356250 0.040625 0.027500
1 0.482031 0.402500 0.039062 0.032500
1 0.476562 0.363750 0.043750 0.027500
1 0.403125 0.665625 0.037500 0.021250
1 0.311719 0.577500 0.037500 0.030000
1 0.328516 0.487500 0.039844 0.025000
1 0.285156 0.445625 0.037500 0.033750
1 0.117188 0.573125 0.035937 0.018750
1 0.347656 0.556875 0.034375 0.028750
0 0.097656 0.492500 0.037500 0.027500
0 0.047266 0.438750 0.041406 0.042500
0 0.060937 0.389375 0.035937 0.038750
0 0.075000 0.423125 0.034375 0.033750
0 0.105859 0.303750 0.041406 0.045000
0 0.101562 0.351875 0.045312 0.051250
0 0.263281 0.487500 0.035937 0.042500
0 0.239063 0.530625 0.035937 0.036250
0 0.115625 0.546250 0.035937 0.042500
0 0.147266 0.520000 0.038281 0.040000
0 0.184375 0.551250 0.048438 0.050000
0 0.205469 0.427500 0.046875 0.055000
0 0.144531 0.420000 0.062500 0.055000
0 0.157812 0.481250 0.035937 0.045000
0 0.196484 0.500625 0.044531 0.061250
0 0.317188 0.436875 0.042188 0.048750
0 0.362891 0.390000 0.038281 0.040000
0 0.355078 0.430000 0.038281 0.042500
1 0.373828 0.515000 0.038281 0.032500
0 0.614844 0.550625 0.039062 0.051250
0 0.782031 0.582500 0.031250 0.032500
0 0.521094 0.603125 0.039062 0.033750
0 0.518750 0.569375 0.059375 0.046250
0 0.510547 0.465000 0.032031 0.042500
0 0.525781 0.410625 0.032813 0.046250
0 0.546094 0.493750 0.045312 0.042500
0 0.443750 0.467500 0.028125 0.040000
0 0.459375 0.555625 0.037500 0.043750
0 0.482422 0.533125 0.033594 0.041250
0 0.396094 0.581875 0.032813 0.043750
0 0.412500 0.553750 0.045312 0.060000
0 0.656250 0.517500 0.045312 0.045000
0 0.812891 0.603750 0.028906 0.037500
0 0.738672 0.493750 0.028906 0.035000
0 0.775000 0.514375 0.032813 0.038750
0 0.755078 0.533125 0.027344 0.028750
0 0.775391 0.548125 0.030469 0.028750
0 0.028516 0.540625 0.021094 0.021250
