1 0.098828 0.715625 0.044531 0.028750
1 0.288281 0.633750 0.034375 0.020000
1 0.523438 0.542500 0.032813 0.022500
1 0.511328 0.649375 0.027344 0.021250
1 0.523438 0.613750 0.035937 0.025000
1 0.339062 0.540625 0.029687 0.021250
1 0.366016 0.516250 0.039844 0.025000
1 0.175000 0.635625 0.042188 0.016250
1 0.294531 0.675625 0.040625 0.021250
1 0.030469 0.319375 0.040625 0.031250
1 0.092969 0.403750 0.029687 0.025000
1 0.164844 0.391250 0.042188 0.027500
1 0.035937 0.458125 0.045312 0.028750
1 0.058594 0.445000 0.039062 0.022500
1 0.038281 0.382500 0.039062 0.020000
1 0.176172 0.480625 0.032031 0.021250
1 0.343750 0.495625 0.035937 0.023750
1 0.230859 0.514375 0.033594 0.018750
0 0.163672 0.571250 0.039844 0.025000
0 0.156250 0.545625 0.035937 0.028750
0 0.171875 0.515000 0.034375 0.040000
0 0.133594 0.492500 0.042188 0.040000
0 0.285938 0.366250 0.035937 0.035000
0 0.251563 0.485625 0.039062 0.031250
0 0.296094 0.491250 0.034375 0.055000
0 0.315234 0.457500 0.027344 0.032500
0 0.293359 0.551250 0.032031 0.035000
0 0.244531 0.560000 0.031250 0.035000
0 0.395703 0.578125 0.035156 0.038750
0 0.409766 0.561250 0.027344 0.042500
0 0.439063 0.551250 0.035937 0.030000
0 0.416016 0.483750 0.032031 0.040000
0 0.444531 0.505625 0.042188 0.036250
0 0.492969 0.498750 0.035937 0.045000
1 0.487109 0.531875 0.038281 0.026250
0 0.248438 0.402500 0.060937 0.072500
0 0.478516 0.440625 0.047656 0.043750
0 0.537891 0.496875 0.030469 0.038750
0 0.546875 0.465625 0.039062 0.051250
0 0.592578 0.495625 0.036719 0.036250
0 0.584766 0.569375 0.036719 0.031250
0 0.603125 0.538125 0.034375 0.036250
0 0.638281 0.565000 0.029687 0.042500
0 0.667188 0.557500 0.045312 0.075000
0 0.678125 0.498750 0.039062 0.052500
0 0.708594 0.458125 0.032813 0.046250
0 0.759766 0.576250 0.039844 0.037500
0 0.735156 0.543125 0.035937 0.031250
0 0.805859 0.572500 0.039844 0.045000
0 0.129297 0.446250 0.035156 0.027500
0 0.145703 0.433125 0.035156 0.048750
0 0.155469 0.365625 0.037500 0.041250
