1 0.037109 0.301875 0.033594 0.038750
1 0.026172 0.425625 0.035156 0.053750
1 0.203906 0.571250 0.042188 0.030000
1 0.164844 0.463125 0.039062 0.028750
0 0.140625 0.445000 0.028125 0.017500
0 0.101562 0.430000 0.031250 0.022500
0 0.162109 0.560000 0.032031 0.012500
0 0.164453 0.570625 0.033594 0.013750
0 0.028516 0.718125 0.036719 0.018750
0 0.131641 0.713125 0.038281 0.013750
0 0.189453 0.758125 0.039844 0.016250
0 0.114062 0.353750 0.034375 0.012500
0 0.326172 0.332500 0.030469 0.017500
0 0.469531 0.482500 0.034375 0.012500
0 0.470703 0.458750 0.036719 0.015000
0 0.443359 0.421250 0.036719 0.020000
0 0.134375 0.506250 0.035937 0.015000
0 0.091797 0.521875 0.032031 0.023750
0 0.123438 0.590625 0.037500 0.028750
0 0.332813 0.656250 0.040625 0.020000
0 0.309375 0.605625 0.034375 0.016250
0 0.407031 0.620000 0.028125 0.015000
0 0.532813 0.633750 0.037500 0.017500
0 0.576953 0.611875 0.030469 0.018750
0 0.182422 0.675625 0.066406 0.016250
1 0.233594 0.418125 0.032813 0.031250
1 0.198437 0.438125 0.050000 0.028750
1 0.229297 0.526250 0.039844 0.037500
0 0.244531 0.500625 0.029687 0.016250
0 0.419531 0.588125 0.035937 0.018750
0 0.387891 0.564375 0.036719 0.021250
1 0.316406 0.427500 0.032813 0.032500
1 0.301953 0.496250 0.027344 0.052500
1 0.352734 0.463125 0.039844 0.036250
1 0.308594 0.554375 0.037500 0.033750
1 0.350391 0.586250 0.052344 0.032500
1 0.362891 0.533125 0.041406 0.043750
1 0.417578 0.455625 0.033594 0.026250
1 0.400391 0.504375 0.033594 0.031250
1 0.434766 0.515625 0.033594 0.026250
1 0.454297 0.540000 0.039844 0.025000
1 0.449609 0.570000 0.032031 0.025000
1 0.498437 0.563750 0.040625 0.030000
0 0.526953 0.465000 0.032031 0.022500
1 0.513281 0.528750 0.032813 0.025000
1 0.549609 0.533125 0.025781 0.033750
1 0.558203 0.577500 0.036719 0.055000
1 0.588672 0.505625 0.033594 0.038750
1 0.613672 0.568125 0.036719 0.031250
1 0.682422 0.495625 0.033594 0.033750
1 0.649219 0.540625 0.071875 0.036250
1 0.666016 0.596250 0.038281 0.042500
1 0.795703 0.521875 0.036719 0.036250
1 0.753516 0.559375 0.036719 0.048750
1 0.859375 0.513750 0.032813 0.030000
1 0.726953 0.498125 0.035156 0.028750
0 0.702734 0.531250 0.038281 0.020000
0 0.662109 0.628750 0.033594 0.017500
0 0.337500 0.492500 0.040625 0.020000
