0 0.352734 0.413750 0.041406 0.027500
0 0.148047 0.425625 0.041406 0.018750
1 0.007812 0.935625 0.014063 0.041250
1 0.028125 0.520625 0.045312 0.043750
1 0.057422 0.556875 0.028906 0.033750
1 0.025391 0.566875 0.046094 0.033750
1 0.142187 0.576875 0.042188 0.038750
1 0.154688 0.479375 0.043750 0.026250
0 0.228125 0.390000 0.046875 0.040000
1 0.223047 0.478750 0.047656 0.030000
1 0.261719 0.478125 0.031250 0.031250
1 0.260547 0.500000 0.047656 0.027500
1 0.287500 0.543750 0.037500 0.050000
1 0.319531 0.693750 0.037500 0.017500
1 0.302344 0.477500 0.034375 0.027500
1 0.350000 0.508125 0.034375 0.033750
1 0.357422 0.541875 0.052344 0.028750
1 0.345313 0.615000 0.037500 0.032500
1 0.348047 0.573750 0.046094 0.037500
1 0.425391 0.524375 0.036719 0.031250
1 0.448047 0.498125 0.046094 0.048750
1 0.496875 0.522500 0.028125 0.047500
1 0.468359 0.541875 0.039844 0.023750
1 0.419922 0.631875 0.041406 0.023750
1 0.460156 0.598125 0.039062 0.036250
1 0.478125 0.569375 0.032813 0.036250
1 0.581250 0.560000 0.034375 0.022500
1 0.585547 0.598750 0.035156 0.057500
1 0.620703 0.567500 0.030469 0.030000
1 0.653125 0.551875 0.034375 0.041250
1 0.804688 0.613750 0.034375 0.047500
1 0.832031 0.576875 0.031250 0.043750
1 0.727344 0.526250 0.062500 0.027500
1 0.744922 0.550625 0.061719 0.031250
1 0.760938 0.588750 0.039062 0.040000
1 0.722656 0.598125 0.035937 0.053750
0 0.110937 0.280625 0.042188 0.023750
0 0.105859 0.797500 0.036719 0.012500
0 0.103516 0.746250 0.030469 0.015000
0 0.430859 0.385000 0.042969 0.022500
0 0.513281 0.418750 0.032813 0.012500
0 0.521094 0.430000 0.039062 0.020000
0 0.668359 0.643125 0.035156 0.018750
0 0.166797 0.536250 0.038281 0.015000
1 0.260156 0.526875 0.023438 0.033750
0 0.664453 0.591875 0.039844 0.016250
0 0.657813 0.680000 0.040625 0.017500
0 0.019141 0.479375 0.036719 0.016250
0 0.184375 0.610000 0.040625 0.017500
1 0.199609 0.563125 0.036719 0.026250
0 0.762500 0.623750 0.035937 0.015000
