1 0.092578 0.503750 0.039844 0.042500
0 0.519141 0.546250 0.036719 0.020000
0 0.382031 0.525625 0.029687 0.018750
0 0.322266 0.534375 0.028906 0.018750
0 0.288672 0.540625 0.039844 0.018750
0 0.278906 0.582500 0.034375 0.015000
1 0.343750 0.605000 0.028125 0.030000
0 0.106641 0.549375 0.046094 0.021250
0 0.069141 0.700000 0.052344 0.015000
0 0.557422 0.686875 0.033594 0.016250
0 0.585938 0.518125 0.034375 0.018750
0 0.560156 0.581875 0.034375 0.021250
0 0.587891 0.570625 0.038281 0.018750
0 0.634766 0.510625 0.036719 0.026250
0 0.216797 0.635000 0.052344 0.020000
0 0.124219 0.751250 0.051562 0.020000
0 0.553516 0.640000 0.033594 0.027500
0 0.449609 0.585000 0.039844 0.020000
1 0.710156 0.618750 0.034375 0.030000
0 0.785547 0.560625 0.038281 0.018750
0 0.465234 0.516875 0.030469 0.018750
0 0.419141 0.654375 0.036719 0.018750
0 0.390234 0.679375 0.063281 0.018750
0 0.451172 0.715625 0.050781 0.021250
0 0.581250 0.610000 0.037500 0.017500
0 0.674219 0.694375 0.034375 0.026250
0 0.705469 0.646875 0.042188 0.018750
0 0.823828 0.661250 0.030469 0.030000
0 0.740234 0.573750 0.027344 0.017500
0 0.105469 0.343125 0.039062 0.031250
0 0.644922 0.721250 0.017969 0.022500
0 0.416016 0.543750 0.041406 0.020000
0 0.436719 0.620000 0.035937 0.017500
0 0.682031 0.551250 0.039062 0.020000
0 0.330078 0.521250 0.039844 0.020000
