0 0.634766 0.561250 0.039844 0.025000
0 0.629687 0.633125 0.037500 0.013750
0 0.698438 0.601250 0.037500 0.020000
0 0.708203 0.682500 0.049219 0.022500
0 0.650391 0.720625 0.049219 0.021250
0 0.451562 0.690625 0.042188 0.016250
0 0.428125 0.650625 0.056250 0.023750
0 0.455469 0.536250 0.034375 0.022500
0 0.344141 0.591875 0.035156 0.018750
0 0.282422 0.626250 0.042969 0.020000
0 0.188672 0.801875 0.033594 0.018750
0 0.110547 0.674375 0.047656 0.023750
0 0.309766 0.521875 0.050781 0.021250
0 0.574219 0.613125 0.037500 0.016250
0 0.555078 0.711250 0.036719 0.015000
0 0.264844 0.499375 0.034375 0.026250
0 0.301172 0.711875 0.057031 0.021250
0 0.394531 0.710625 0.042188 0.018750
0 0.294531 0.732500 0.031250 0.017500
0 0.748828 0.638750 0.032031 0.015000
0 0.821484 0.643125 0.035156 0.023750
0 0.495703 0.616250 0.042969 0.022500
0 0.403906 0.586875 0.042188 0.018750
0 0.190625 0.721250 0.043750 0.022500
0 0.027344 0.646250 0.046875 0.030000
0 0.319922 0.601875 0.041406 0.018750
0 0.308984 0.656250 0.060156 0.017500
1 0.444141 0.622500 0.041406 0.035000
1 0.534766 0.551875 0.038281 0.038750
1 0.244531 0.561250 0.037500 0.042500
1 0.174609 0.591875 0.044531 0.038750
1 0.057031 0.523750 0.037500 0.047500
0 0.279297 0.415625 0.042969 0.026250
0 0.541016 0.468750 0.024219 0.025000
0 0.376953 0.766875 0.055469 0.028750
0 0.350000 0.619375 0.037500 0.018750
1 0.563281 0.642500 0.042188 0.025000
