0 0.037891 0.663750 0.042969 0.020000
0 0.236328 0.598750 0.033594 0.017500
0 0.540234 0.635000 0.036719 0.017500
0 0.487891 0.592500 0.035156 0.025000
0 0.446484 0.625000 0.039844 0.022500
0 0.532422 0.533125 0.039844 0.021250
0 0.366797 0.511250 0.033594 0.022500
0 0.598828 0.671250 0.036719 0.020000
0 0.675391 0.627500 0.036719 0.022500
0 0.728516 0.623750 0.044531 0.025000
0 0.762500 0.563750 0.039062 0.025000
0 0.610547 0.599375 0.033594 0.018750
0 0.550000 0.732500 0.034375 0.020000
0 0.484375 0.720000 0.034375 0.020000
0 0.369141 0.701875 0.035156 0.011250
0 0.364063 0.688750 0.037500 0.012500
0 0.327734 0.629375 0.036719 0.016250
0 0.249219 0.583125 0.034375 0.018750
0 0.198828 0.615625 0.033594 0.016250
0 0.331250 0.645000 0.039062 0.017500
0 0.205859 0.734375 0.039844 0.023750
0 0.094141 0.725000 0.042969 0.017500
0 0.127734 0.816250 0.035156 0.020000
0 0.207813 0.508125 0.045312 0.023750
0 0.200000 0.485000 0.037500 0.020000
0 0.245703 0.730625 0.027344 0.021250
0 0.237500 0.640000 0.054688 0.022500
0 0.301953 0.659375 0.063281 0.016250
0 0.814844 0.586875 0.029687 0.023750
1 0.488281 0.633125 0.039062 0.036250
1 0.387109 0.620625 0.032031 0.043750
1 0.489063 0.543750 0.040625 0.050000
1 0.114453 0.587500 0.046094 0.040000
1 0.007422 0.517500 0.013281 0.042500
1 0.182031 0.547500 0.035937 0.040000
0 0.409375 0.373750 0.025000 0.025000
0 0.498828 0.445000 0.024219 0.022500
0 0.316406 0.586250 0.035937 0.022500
0 0.264453 0.617500 0.035156 0.022500
0 0.690234 0.688125 0.047656 0.023750
