1 0.022656 0.453750 0.040625 0.035000
0 0.113672 0.716250 0.038281 0.017500
0 0.092969 0.323125 0.035937 0.018750
0 0.306250 0.299375 0.040625 0.023750
0 0.448437 0.394375 0.040625 0.021250
0 0.349609 0.428750 0.030469 0.012500
0 0.332031 0.437500 0.037500 0.017500
0 0.369922 0.468750 0.033594 0.017500
0 0.367578 0.538750 0.035156 0.017500
0 0.305859 0.493750 0.042969 0.015000
0 0.263281 0.591875 0.032813 0.018750
1 0.163672 0.458125 0.035156 0.048750
1 0.165625 0.507500 0.034375 0.022500
0 0.129297 0.526875 0.039844 0.011250
1 0.083594 0.493750 0.042188 0.060000
0 0.117578 0.565625 0.032031 0.011250
0 0.104297 0.586250 0.035156 0.020000
1 0.137109 0.625625 0.033594 0.033750
1 0.216016 0.573750 0.038281 0.032500
0 0.303125 0.606250 0.040625 0.027500
1 0.340625 0.590000 0.053125 0.037500
0 0.412891 0.540000 0.046094 0.017500
1 0.435937 0.518125 0.057813 0.031250
1 0.494531 0.514375 0.039062 0.048750
0 0.519922 0.600625 0.039844 0.021250
1 0.519141 0.570000 0.033594 0.030000
0 0.560547 0.454375 0.030469 0.021250
1 0.545312 0.518125 0.031250 0.033750
1 0.580078 0.551250 0.036719 0.045000
1 0.557031 0.581875 0.031250 0.033750
1 0.624609 0.499375 0.033594 0.046250
0 0.632422 0.543750 0.044531 0.015000
0 0.775391 0.556250 0.035156 0.020000
1 0.696484 0.532500 0.046094 0.037500
1 0.758203 0.524375 0.035156 0.038750
0 0.492188 0.728750 0.039062 0.012500
0 0.778125 0.609375 0.032813 0.018750
0 0.823047 0.612500 0.039844 0.020000
0 0.846094 0.638125 0.037500 0.018750
1 0.114062 0.535000 0.029687 0.040000
1 0.313281 0.566250 0.037500 0.040000
0 0.408203 0.521250 0.033594 0.017500
0 0.667578 0.565625 0.044531 0.018750
0 0.195703 0.540625 0.039844 0.016250
1 0.586719 0.503750 0.028125 0.027500
