1 0.283594 0.500625 0.050000 0.036250
1 0.057813 0.304375 0.035937 0.046250
1 0.037891 0.380000 0.042969 0.045000
1 0.081250 0.640625 0.045312 0.036250
1 0.192188 0.570000 0.037500 0.035000
1 0.162500 0.538125 0.048438 0.021250
1 0.146484 0.576250 0.039844 0.062500
1 0.258984 0.586875 0.044531 0.051250
1 0.114453 0.899375 0.041406 0.031250
1 0.345703 0.419375 0.046094 0.041250
1 0.358203 0.500000 0.041406 0.037500
1 0.387500 0.495000 0.029687 0.032500
1 0.412891 0.551875 0.035156 0.046250
1 0.399219 0.525000 0.045312 0.035000
1 0.443750 0.671250 0.034375 0.025000
1 0.460156 0.495625 0.054688 0.026250
1 0.469922 0.518125 0.032031 0.028750
0 0.503516 0.554375 0.035156 0.026250
1 0.460547 0.555625 0.039844 0.036250
1 0.353125 0.566250 0.035937 0.022500
1 0.583594 0.514375 0.039062 0.046250
1 0.551562 0.549375 0.039062 0.051250
0 0.567187 0.635000 0.042188 0.030000
1 0.597656 0.605000 0.035937 0.050000
0 0.622656 0.580000 0.039062 0.025000
1 0.629297 0.545625 0.036719 0.043750
1 0.593750 0.550000 0.037500 0.040000
1 0.829688 0.528750 0.043750 0.035000
1 0.843359 0.607500 0.039844 0.052500
1 0.771875 0.566875 0.029687 0.033750
1 0.744922 0.585000 0.047656 0.035000
1 0.719922 0.615000 0.038281 0.060000
1 0.848828 0.555000 0.028906 0.042500
1 0.464844 0.595625 0.034375 0.053750
1 0.094141 0.565625 0.033594 0.031250
0 0.185938 0.340000 0.045312 0.022500
0 0.280078 0.338125 0.041406 0.026250
0 0.323047 0.360625 0.044531 0.021250
0 0.277734 0.378125 0.036719 0.023750
0 0.133594 0.390000 0.032813 0.017500
0 0.073438 0.481875 0.039062 0.021250
0 0.087109 0.517500 0.044531 0.017500
0 0.182422 0.496250 0.033594 0.020000
0 0.087891 0.726875 0.036719 0.016250
0 0.044531 0.619375 0.048438 0.018750
0 0.275391 0.755000 0.041406 0.017500
0 0.233594 0.696875 0.037500 0.018750
0 0.112891 0.760625 0.042969 0.016250
0 0.526953 0.489375 0.042969 0.023750
0 0.624609 0.446250 0.044531 0.022500
0 0.625781 0.496875 0.039062 0.018750
0 0.661719 0.479375 0.032813 0.021250
0 0.702734 0.487500 0.035156 0.017500
0 0.092969 0.440000 0.032813 0.017500
0 0.173828 0.425000 0.053906 0.017500
0 0.348828 0.593125 0.038281 0.013750
0 0.350000 0.541250 0.040625 0.015000
