0 0.072656 0.432500 0.035937 0.017500
0 0.115625 0.377500 0.039062 0.020000
0 0.220703 0.325000 0.038281 0.017500
0 0.178906 0.432500 0.037500 0.017500
0 0.127734 0.462500 0.030469 0.012500
0 0.162109 0.496875 0.035156 0.018750
0 0.213672 0.503750 0.033594 0.012500
0 0.204687 0.520625 0.034375 0.018750
0 0.085547 0.596875 0.035156 0.021250
0 0.047656 0.600625 0.034375 0.023750
0 0.258203 0.769375 0.033594 0.018750
0 0.319922 0.567500 0.033594 0.017500
0 0.285938 0.596875 0.037500 0.026250
0 0.400391 0.568125 0.033594 0.018750
0 0.600391 0.659375 0.038281 0.018750
0 0.358203 0.421875 0.041406 0.018750
0 0.398828 0.405000 0.030469 0.022500
0 0.443750 0.521250 0.040625 0.017500
0 0.487891 0.501250 0.033594 0.022500
1 0.261328 0.510625 0.052344 0.053750
1 0.286328 0.477500 0.041406 0.025000
1 0.312500 0.499375 0.039062 0.026250
1 0.399219 0.476250 0.031250 0.022500
1 0.369531 0.494375 0.035937 0.026250
1 0.446094 0.475000 0.031250 0.042500
1 0.357031 0.562500 0.034375 0.030000
1 0.392969 0.530000 0.053125 0.035000
0 0.353906 0.588125 0.034375 0.013750
0 0.583203 0.595625 0.063281 0.018750
1 0.533594 0.518125 0.029687 0.036250
0 0.583203 0.524375 0.036719 0.023750
0 0.624219 0.553750 0.032813 0.020000
1 0.602734 0.495625 0.039844 0.036250
1 0.701953 0.515625 0.039844 0.041250
1 0.650391 0.519375 0.052344 0.033750
1 0.661719 0.558750 0.046875 0.050000
1 0.720703 0.566250 0.033594 0.025000
1 0.721484 0.603750 0.044531 0.030000
1 0.846484 0.534375 0.030469 0.038750
1 0.141797 0.585625 0.046094 0.043750
1 0.111328 0.550000 0.036719 0.047500
1 0.046484 0.569375 0.030469 0.028750
1 0.780469 0.530625 0.039062 0.038750
1 0.771875 0.573750 0.037500 0.065000
1 0.843750 0.584375 0.026562 0.041250
1 0.812109 0.596875 0.041406 0.026250
0 0.132031 0.513125 0.037500 0.023750
0 0.506250 0.522500 0.035937 0.022500
0 0.547266 0.494375 0.032031 0.016250
0 0.741016 0.628750 0.039844 0.017500
0 0.408984 0.450625 0.028906 0.018750
