1 0.116406 0.679375 0.035937 0.038750
1 0.401172 0.728125 0.035156 0.031250
1 0.817969 0.616875 0.032813 0.038750
0 0.596484 0.651875 0.035156 0.021250
0 0.590234 0.617500 0.033594 0.020000
0 0.457031 0.558125 0.035937 0.018750
0 0.179688 0.575625 0.045312 0.028750
0 0.176953 0.507500 0.038281 0.017500
0 0.341797 0.851875 0.036719 0.023750
0 0.689453 0.681250 0.046094 0.027500
0 0.735547 0.653125 0.044531 0.023750
0 0.716406 0.587500 0.048438 0.022500
0 0.355078 0.750000 0.057031 0.017500
0 0.438281 0.665000 0.054688 0.017500
