0 0.534766 0.456875 0.028906 0.023750
0 0.446875 0.575000 0.032813 0.025000
0 0.410547 0.607500 0.041406 0.027500
0 0.307031 0.613750 0.037500 0.027500
0 0.248828 0.570000 0.039844 0.025000
0 0.187891 0.576875 0.041406 0.026250
0 0.017969 0.582500 0.034375 0.025000
0 0.043359 0.544375 0.041406 0.021250
0 0.100781 0.447500 0.040625 0.020000
0 0.620703 0.618125 0.033594 0.023750
0 0.541016 0.604375 0.033594 0.028750
0 0.480859 0.623750 0.052344 0.027500
1 0.703516 0.572500 0.032031 0.032500
0 0.476172 0.648125 0.038281 0.023750
0 0.355078 0.575625 0.038281 0.026250
0 0.343750 0.603125 0.039062 0.026250
0 0.183984 0.753125 0.044531 0.023750
0 0.440234 0.853125 0.022656 0.023750
0 0.401562 0.759375 0.025000 0.016250
0 0.471875 0.729375 0.029687 0.021250
0 0.328906 0.697500 0.043750 0.017500
0 0.630469 0.689375 0.029687 0.021250
0 0.642188 0.669375 0.042188 0.023750
0 0.089063 0.962500 0.035937 0.027500
0 0.058984 0.745625 0.038281 0.018750
0 0.483984 0.573750 0.027344 0.022500
0 0.709766 0.596875 0.033594 0.023750
0 0.757031 0.574375 0.032813 0.026250
0 0.614453 0.580625 0.042969 0.018750
0 0.577344 0.617500 0.031250 0.022500
0 0.681641 0.673125 0.038281 0.023750
0 0.281641 0.525000 0.035156 0.022500
0 0.339062 0.395000 0.042188 0.025000
0 0.210156 0.469375 0.031250 0.018750
0 0.579688 0.751250 0.026562 0.027500
0 0.541406 0.690000 0.042188 0.020000
0 0.697266 0.626875 0.041406 0.013750
0 0.752344 0.676875 0.037500 0.013750
0 0.756250 0.657500 0.039062 0.017500
0 0.744922 0.634375 0.039844 0.013750
