0 0.496094 0.671250 0.039062 0.017500
0 0.119141 0.293750 0.035156 0.020000
0 0.023047 0.356250 0.036719 0.022500
0 0.096875 0.420000 0.031250 0.015000
0 0.062500 0.480625 0.032813 0.016250
0 0.033594 0.501875 0.042188 0.016250
1 0.025391 0.541875 0.036719 0.043750
1 0.056641 0.583125 0.041406 0.046250
0 0.125391 0.496875 0.038281 0.016250
0 0.112109 0.510625 0.035156 0.016250
0 0.286719 0.378125 0.032813 0.018750
0 0.263672 0.409375 0.041406 0.016250
1 0.185547 0.508125 0.044531 0.051250
0 0.183594 0.596250 0.040625 0.017500
1 0.330078 0.384375 0.035156 0.021250
1 0.201172 0.468125 0.038281 0.031250
1 0.232813 0.487500 0.035937 0.027500
0 0.233984 0.560000 0.035156 0.017500
0 0.263281 0.584375 0.032813 0.018750
0 0.316797 0.566250 0.028906 0.020000
1 0.278516 0.554375 0.036719 0.046250
1 0.313672 0.518750 0.044531 0.030000
1 0.284766 0.487500 0.028906 0.025000
1 0.317969 0.470000 0.034375 0.025000
1 0.369141 0.466250 0.027344 0.030000
0 0.354297 0.517500 0.036719 0.022500
0 0.394141 0.492500 0.035156 0.022500
0 0.429297 0.517500 0.032031 0.025000
0 0.517188 0.590000 0.032813 0.015000
0 0.478906 0.598125 0.039062 0.018750
0 0.465625 0.478750 0.035937 0.020000
1 0.470703 0.503750 0.044531 0.032500
1 0.533203 0.483125 0.028906 0.043750
0 0.538672 0.558750 0.033594 0.017500
1 0.571094 0.558125 0.031250 0.036250
1 0.602734 0.531250 0.038281 0.045000
0 0.642578 0.650000 0.035156 0.020000
0 0.583594 0.664375 0.032813 0.018750
1 0.627344 0.493125 0.037500 0.038750
1 0.645703 0.563750 0.033594 0.030000
1 0.611719 0.595000 0.056250 0.042500
1 0.706641 0.516875 0.047656 0.033750
1 0.693359 0.565625 0.042969 0.058750
1 0.767969 0.525625 0.037500 0.041250
1 0.741016 0.593125 0.028906 0.023750
1 0.772266 0.571875 0.033594 0.046250
1 0.828125 0.611875 0.034375 0.041250
0 0.159375 0.789375 0.037500 0.018750
0 0.496484 0.512500 0.035156 0.020000
0 0.046484 0.450625 0.033594 0.018750
0 0.335938 0.442500 0.028125 0.017500
1 0.651172 0.517500 0.032031 0.027500
0 0.667188 0.485625 0.034375 0.018750
