1 0.546484 0.671875 0.032031 0.018750
1 0.550391 0.699375 0.030469 0.018750
1 0.518750 0.522500 0.032813 0.022500
1 0.464062 0.415625 0.034375 0.021250
1 0.396094 0.590000 0.035937 0.022500
1 0.322266 0.661250 0.041406 0.022500
1 0.299609 0.640000 0.052344 0.020000
1 0.218750 0.698750 0.037500 0.017500
1 0.263672 0.790625 0.027344 0.018750
1 0.111719 0.666250 0.034375 0.017500
1 0.144531 0.638125 0.032813 0.021250
1 0.169141 0.621875 0.030469 0.018750
0 0.144531 0.448750 0.035937 0.020000
1 0.540625 0.410000 0.035937 0.025000
1 0.156250 0.534375 0.037500 0.021250
0 0.449219 0.523125 0.035937 0.051250
1 0.216016 0.386875 0.035156 0.026250
1 0.498047 0.469375 0.035156 0.023750
1 0.484766 0.495625 0.033594 0.026250
0 0.358984 0.595625 0.035156 0.036250
0 0.389453 0.490000 0.033594 0.030000
0 0.356641 0.358750 0.033594 0.040000
1 0.381250 0.398125 0.039062 0.026250
0 0.341406 0.558125 0.056250 0.041250
0 0.234766 0.545625 0.049219 0.046250
0 0.101172 0.478125 0.030469 0.031250
0 0.024609 0.541875 0.038281 0.046250
0 0.036719 0.491250 0.034375 0.055000
0 0.048047 0.408125 0.027344 0.028750
0 0.202344 0.350625 0.029687 0.033750
0 0.123047 0.406250 0.042969 0.045000
0 0.260156 0.439375 0.035937 0.043750
0 0.221484 0.450625 0.042969 0.028750
0 0.365234 0.450000 0.042969 0.045000
0 0.288281 0.549375 0.031250 0.043750
0 0.312109 0.508750 0.036719 0.045000
1 0.421484 0.471250 0.033594 0.025000
1 0.331250 0.379375 0.034375 0.026250
1 0.124609 0.298750 0.035156 0.020000
1 0.584766 0.458125 0.035156 0.023750
0 0.634375 0.569375 0.035937 0.036250
0 0.596484 0.525625 0.036719 0.028750
0 0.617188 0.493750 0.032813 0.042500
0 0.665234 0.491875 0.032031 0.041250
0 0.675391 0.540625 0.035156 0.038750
0 0.721875 0.463125 0.062500 0.043750
0 0.714063 0.506875 0.054688 0.048750
0 0.714453 0.566875 0.036719 0.071250
1 0.285547 0.420000 0.046094 0.030000
1 0.269531 0.341875 0.043750 0.026250
0 0.174609 0.393750 0.039844 0.040000
0 0.216016 0.567500 0.041406 0.030000
0 0.180859 0.506875 0.032031 0.038750
1 0.188281 0.551250 0.035937 0.020000
