1 0.596875 0.671875 0.031250 0.021250
1 0.621484 0.652500 0.028906 0.015000
1 0.466797 0.611250 0.033594 0.017500
1 0.444922 0.634375 0.036719 0.021250
1 0.589453 0.444375 0.035156 0.021250
1 0.242188 0.383125 0.032813 0.013750
1 0.122266 0.669375 0.039844 0.021250
1 0.207031 0.614375 0.028125 0.016250
1 0.347656 0.588750 0.034375 0.017500
1 0.283203 0.598125 0.050781 0.018750
1 0.255859 0.561875 0.036719 0.013750
1 0.462109 0.553750 0.035156 0.022500
1 0.432422 0.478125 0.036719 0.023750
1 0.507812 0.430000 0.042188 0.025000
1 0.584766 0.549375 0.042969 0.018750
1 0.256641 0.468125 0.041406 0.016250
1 0.276953 0.365625 0.036719 0.018750
1 0.408984 0.395625 0.042969 0.023750
1 0.528906 0.621250 0.031250 0.017500
0 0.659375 0.486875 0.043750 0.041250
0 0.735938 0.548125 0.034375 0.038750
0 0.698047 0.520625 0.022656 0.028750
0 0.595313 0.633750 0.039062 0.030000
0 0.542188 0.463125 0.031250 0.033750
0 0.532813 0.566250 0.023438 0.030000
0 0.562109 0.580000 0.047656 0.030000
0 0.617578 0.521875 0.039844 0.041250
0 0.270313 0.508750 0.048438 0.042500
0 0.311328 0.501875 0.027344 0.038750
0 0.381250 0.506250 0.043750 0.037500
0 0.376563 0.456875 0.031250 0.043750
0 0.285547 0.425000 0.036719 0.027500
0 0.212500 0.486250 0.037500 0.032500
0 0.192188 0.427500 0.023438 0.017500
0 0.204297 0.441250 0.030469 0.025000
0 0.162109 0.519375 0.039844 0.023750
0 0.140234 0.564375 0.032031 0.043750
0 0.040625 0.512500 0.037500 0.032500
1 0.057031 0.533125 0.035937 0.021250
0 0.066797 0.420000 0.028906 0.030000
0 0.135937 0.420000 0.040625 0.030000
0 0.109375 0.435000 0.023438 0.035000
0 0.094922 0.491250 0.028906 0.030000
0 0.126953 0.480000 0.032031 0.030000
0 0.338281 0.426875 0.031250 0.026250
1 0.317969 0.410625 0.043750 0.026250
1 0.497656 0.505000 0.037500 0.025000
0 0.544141 0.522500 0.035156 0.027500
1 0.658984 0.541875 0.035156 0.021250
0 0.109375 0.366875 0.037500 0.038750
0 0.094922 0.388750 0.036719 0.032500
0 0.028516 0.401250 0.036719 0.035000
0 0.030469 0.478750 0.035937 0.030000
1 0.056641 0.465000 0.033594 0.022500
0 0.499219 0.540625 0.039062 0.033750
0 0.718750 0.495000 0.026562 0.040000
1 0.017578 0.436250 0.033594 0.022500
0 0.501563 0.455000 0.040625 0.025000
1 0.572656 0.463750 0.034375 0.017500
1 0.509375 0.491875 0.029687 0.021250
1 0.499609 0.406250 0.035156 0.020000
1 0.350391 0.547500 0.021094 0.012500
0 0.331641 0.550000 0.013281 0.017500
0 0.253516 0.540625 0.036719 0.018750
1 0.112891 0.743750 0.032031 0.020000
0 0.230859 0.587500 0.038281 0.042500
