0 0.469531 0.643750 0.042188 0.020000
0 0.416406 0.613750 0.043750 0.022500
0 0.780078 0.608750 0.033594 0.022500
0 0.723047 0.670000 0.033594 0.020000
0 0.158594 0.715000 0.045312 0.017500
0 0.157031 0.742500 0.045312 0.012500
0 0.034375 0.625625 0.043750 0.021250
0 0.154688 0.587500 0.042188 0.025000
0 0.685547 0.726875 0.030469 0.013750
0 0.494531 0.726250 0.034375 0.015000
0 0.571484 0.661250 0.055469 0.022500
0 0.394531 0.651875 0.046875 0.018750
0 0.473438 0.525000 0.046875 0.022500
0 0.563281 0.581875 0.034375 0.013750
0 0.567969 0.542500 0.040625 0.015000
0 0.539844 0.557500 0.032813 0.015000
0 0.531250 0.596250 0.031250 0.012500
0 0.258984 0.708750 0.049219 0.017500
1 0.670312 0.653125 0.048438 0.041250
1 0.601172 0.619375 0.033594 0.051250
1 0.469922 0.572500 0.033594 0.047500
1 0.106641 0.771875 0.028906 0.038750
1 0.810156 0.650000 0.026562 0.037500
1 0.839844 0.595000 0.026562 0.042500
0 0.205078 0.493750 0.035156 0.020000
