0 0.087109 0.715000 0.058594 0.025000
0 0.016016 0.755625 0.030469 0.016250
0 0.017969 0.573125 0.034375 0.018750
0 0.213672 0.652500 0.049219 0.015000
0 0.310937 0.658750 0.046875 0.022500
0 0.262891 0.618125 0.046094 0.021250
0 0.596094 0.695000 0.042188 0.015000
0 0.517188 0.734375 0.042188 0.023750
0 0.600391 0.730000 0.028906 0.015000
0 0.528906 0.646250 0.043750 0.017500
0 0.692578 0.669375 0.042969 0.023750
0 0.747266 0.627500 0.028906 0.022500
0 0.793750 0.675625 0.039062 0.026250
0 0.687500 0.698750 0.045312 0.017500
0 0.583203 0.667500 0.035156 0.020000
0 0.654687 0.581250 0.032813 0.025000
0 0.689063 0.620000 0.039062 0.017500
0 0.720313 0.586250 0.035937 0.022500
0 0.827344 0.639375 0.039062 0.018750
0 0.356250 0.736875 0.048438 0.023750
0 0.313672 0.583750 0.052344 0.022500
0 0.317969 0.492500 0.039062 0.020000
0 0.448047 0.558125 0.036719 0.018750
0 0.548438 0.740625 0.037500 0.021250
0 0.746094 0.686250 0.042188 0.022500
1 0.025391 0.785625 0.035156 0.041250
1 0.369141 0.558125 0.035156 0.043750
1 0.503125 0.607500 0.034375 0.025000
1 0.568750 0.630625 0.032813 0.041250
1 0.776953 0.583750 0.035156 0.055000
1 0.730078 0.641250 0.036719 0.045000
0 0.560156 0.703125 0.039062 0.021250
