0 0.051562 0.683125 0.042188 0.016250
0 0.282031 0.609375 0.035937 0.016250
0 0.278906 0.644375 0.042188 0.021250
0 0.347656 0.669375 0.039062 0.018750
0 0.128906 0.751875 0.040625 0.018750
0 0.016406 0.621250 0.031250 0.020000
0 0.404687 0.675000 0.048438 0.027500
0 0.350781 0.769375 0.035937 0.016250
0 0.689453 0.666875 0.041406 0.018750
0 0.676172 0.681250 0.046094 0.025000
0 0.742188 0.621250 0.051562 0.020000
0 0.583594 0.562500 0.042188 0.022500
0 0.621484 0.597500 0.039844 0.015000
0 0.689844 0.602500 0.035937 0.022500
0 0.682813 0.681875 0.035937 0.013750
0 0.696094 0.723750 0.039062 0.017500
0 0.291406 0.834375 0.053125 0.023750
0 0.273047 0.776250 0.047656 0.025000
0 0.639844 0.621875 0.057813 0.016250
0 0.800781 0.676875 0.040625 0.023750
0 0.752734 0.684375 0.024219 0.016250
0 0.458984 0.540625 0.030469 0.021250
0 0.462109 0.602500 0.046094 0.017500
0 0.561328 0.673750 0.042969 0.025000
0 0.446094 0.705625 0.046875 0.018750
0 0.450781 0.731875 0.034375 0.023750
0 0.516797 0.653750 0.036719 0.022500
0 0.781250 0.653750 0.031250 0.017500
0 0.777344 0.633750 0.037500 0.015000
0 0.257812 0.627500 0.042188 0.017500
1 0.339453 0.602500 0.042969 0.032500
1 0.213281 0.541875 0.034375 0.048750
1 0.408203 0.596250 0.033594 0.035000
1 0.660937 0.565625 0.034375 0.046250
1 0.590234 0.631250 0.036719 0.040000
0 0.323437 0.722500 0.051562 0.022500
0 0.531250 0.610625 0.035937 0.018750
1 0.756250 0.663125 0.035937 0.036250
0 0.576172 0.510625 0.039844 0.021250
