1 0.490234 0.716250 0.036719 0.027500
1 0.498828 0.607500 0.039844 0.025000
1 0.528906 0.646250 0.035937 0.025000
1 0.197266 0.813125 0.044531 0.021250
1 0.060937 0.718125 0.040625 0.018750
1 0.062500 0.650000 0.045312 0.020000
1 0.190234 0.662500 0.039844 0.022500
1 0.409375 0.630000 0.034375 0.020000
1 0.130078 0.643750 0.042969 0.020000
1 0.155469 0.524375 0.042188 0.026250
1 0.171094 0.509375 0.040625 0.021250
1 0.130078 0.351250 0.033594 0.027500
1 0.090234 0.368750 0.041406 0.025000
1 0.053125 0.435625 0.039062 0.023750
1 0.397266 0.373750 0.032031 0.025000
1 0.543750 0.398125 0.043750 0.028750
1 0.668359 0.611250 0.039844 0.017500
1 0.453125 0.557500 0.032813 0.027500
1 0.408984 0.558750 0.041406 0.025000
1 0.047656 0.503750 0.039062 0.020000
0 0.635547 0.440625 0.038281 0.038750
0 0.723828 0.569375 0.032031 0.043750
0 0.756250 0.550625 0.032813 0.046250
0 0.357031 0.533750 0.037500 0.040000
0 0.367969 0.495625 0.035937 0.038750
0 0.319922 0.445000 0.033594 0.042500
0 0.065625 0.570625 0.051562 0.061250
1 0.016797 0.656250 0.032031 0.032500
0 0.013672 0.409375 0.025781 0.028750
0 0.014063 0.469375 0.026562 0.023750
0 0.052344 0.464375 0.039062 0.026250
1 0.219531 0.460625 0.042188 0.036250
0 0.200781 0.498125 0.026562 0.028750
0 0.127734 0.439375 0.033594 0.031250
0 0.161328 0.448125 0.032031 0.038750
0 0.177734 0.417500 0.033594 0.040000
0 0.214453 0.395000 0.033594 0.027500
0 0.213281 0.338750 0.048438 0.040000
0 0.187109 0.369375 0.032031 0.043750
0 0.254297 0.525625 0.041406 0.051250
0 0.284375 0.555625 0.040625 0.048750
0 0.298828 0.514375 0.038281 0.046250
0 0.264062 0.488750 0.042188 0.042500
0 0.238672 0.435000 0.036719 0.035000
1 0.273828 0.452500 0.033594 0.025000
1 0.137500 0.545625 0.040625 0.021250
0 0.473438 0.453750 0.039062 0.042500
0 0.471094 0.416875 0.039062 0.033750
0 0.509766 0.520625 0.049219 0.033750
0 0.628125 0.610625 0.028125 0.028750
0 0.579297 0.541875 0.049219 0.063750
0 0.664062 0.523125 0.050000 0.058750
0 0.615625 0.480000 0.032813 0.042500
0 0.557422 0.481250 0.060156 0.052500
0 0.525781 0.563750 0.040625 0.060000
1 0.454297 0.499375 0.042969 0.033750
0 0.089063 0.536875 0.020313 0.028750
0 0.230078 0.375000 0.035156 0.032500
1 0.111328 0.586250 0.030469 0.017500
