1 0.016016 0.447500 0.030469 0.025000
1 0.016016 0.495625 0.030469 0.028750
0 0.019141 0.563125 0.036719 0.021250
0 0.058203 0.618125 0.039844 0.016250
1 0.078906 0.543750 0.035937 0.035000
1 0.111328 0.557500 0.038281 0.025000
1 0.161328 0.586250 0.027344 0.030000
0 0.121484 0.673750 0.035156 0.015000
0 0.204297 0.664375 0.038281 0.021250
0 0.126172 0.423750 0.039844 0.017500
0 0.216406 0.415000 0.043750 0.022500
1 0.170703 0.466250 0.036719 0.027500
1 0.218359 0.523125 0.036719 0.043750
1 0.311328 0.567500 0.058594 0.050000
1 0.251172 0.593125 0.063281 0.068750
1 0.258594 0.496250 0.056250 0.035000
1 0.267188 0.535625 0.076563 0.041250
1 0.298047 0.461250 0.033594 0.035000
0 0.317969 0.497500 0.039062 0.022500
1 0.373828 0.485000 0.044531 0.030000
0 0.378516 0.558125 0.038281 0.018750
0 0.333203 0.713125 0.042969 0.016250
0 0.468750 0.395625 0.043750 0.018750
1 0.427734 0.493125 0.035156 0.036250
1 0.467187 0.655625 0.050000 0.028750
1 0.503125 0.615000 0.042188 0.027500
1 0.495312 0.551250 0.039062 0.052500
0 0.532031 0.583750 0.032813 0.017500
1 0.582031 0.593125 0.035937 0.026250
1 0.575000 0.534375 0.070312 0.051250
0 0.594922 0.476250 0.036719 0.020000
0 0.664062 0.501875 0.039062 0.016250
0 0.612500 0.571875 0.032813 0.013750
1 0.812109 0.538125 0.035156 0.061250
1 0.738672 0.595625 0.063281 0.061250
0 0.829297 0.586875 0.030469 0.018750
0 0.116406 0.364375 0.040625 0.018750
0 0.462500 0.545625 0.037500 0.018750
1 0.369922 0.518750 0.035156 0.030000
0 0.443750 0.701875 0.035937 0.023750
0 0.392578 0.705000 0.033594 0.017500
