0 0.057813 0.595000 0.051562 0.027500
0 0.163281 0.685625 0.053125 0.018750
0 0.032031 0.903750 0.040625 0.012500
0 0.507812 0.557500 0.043750 0.017500
0 0.500391 0.612500 0.046094 0.015000
0 0.612891 0.756875 0.042969 0.016250
1 0.339062 0.665000 0.042188 0.047500
1 0.566406 0.702500 0.029687 0.037500
0 0.792578 0.648125 0.027344 0.018750
0 0.738672 0.636250 0.038281 0.025000
0 0.701953 0.702500 0.038281 0.012500
0 0.786328 0.720625 0.052344 0.018750
0 0.309766 0.559375 0.041406 0.018750
0 0.606250 0.721250 0.039062 0.015000
0 0.608594 0.708125 0.035937 0.013750
