1 0.405078 0.615625 0.038281 0.028750
1 0.432812 0.678125 0.026562 0.021250
1 0.158984 0.636875 0.038281 0.021250
1 0.187109 0.600000 0.038281 0.017500
1 0.019141 0.648125 0.036719 0.028750
1 0.031641 0.693750 0.047656 0.022500
1 0.022656 0.368750 0.043750 0.032500
1 0.243750 0.503750 0.037500 0.030000
1 0.233984 0.536250 0.033594 0.025000
1 0.413281 0.538125 0.032813 0.026250
1 0.329297 0.437500 0.035156 0.032500
0 0.070703 0.395000 0.046094 0.027500
0 0.013672 0.441875 0.025781 0.026250
1 0.016797 0.401875 0.032031 0.023750
0 0.031641 0.425625 0.030469 0.033750
0 0.025391 0.485000 0.035156 0.030000
0 0.059375 0.509375 0.037500 0.038750
0 0.030859 0.566875 0.041406 0.031250
0 0.039844 0.545000 0.039062 0.032500
0 0.141406 0.556875 0.035937 0.026250
1 0.144922 0.531875 0.039844 0.023750
0 0.140625 0.479375 0.046875 0.033750
0 0.176172 0.343750 0.042969 0.042500
0 0.125000 0.387500 0.051562 0.060000
0 0.191797 0.555000 0.041406 0.030000
0 0.284766 0.577500 0.039844 0.032500
0 0.295312 0.555000 0.032813 0.032500
0 0.330859 0.545000 0.036719 0.037500
0 0.366016 0.523125 0.030469 0.036250
0 0.434766 0.491250 0.038281 0.037500
0 0.177344 0.469375 0.031250 0.036250
0 0.205859 0.466250 0.032031 0.067500
1 0.268750 0.423750 0.039062 0.032500
0 0.301172 0.475625 0.033594 0.028750
0 0.330469 0.496875 0.053125 0.036250
0 0.377344 0.416875 0.046875 0.051250
0 0.413281 0.435000 0.043750 0.047500
0 0.489453 0.430625 0.044531 0.038750
0 0.463672 0.557500 0.042969 0.037500
0 0.478906 0.523125 0.039062 0.041250
0 0.512891 0.574375 0.036719 0.046250
0 0.557031 0.498750 0.034375 0.035000
0 0.658984 0.568750 0.044531 0.050000
1 0.616406 0.561875 0.053125 0.033750
0 0.602344 0.465000 0.031250 0.035000
0 0.663281 0.520625 0.040625 0.046250
1 0.389844 0.328125 0.045312 0.036250
1 0.341406 0.388750 0.034375 0.027500
1 0.467969 0.480000 0.043750 0.027500
1 0.147266 0.700625 0.047656 0.021250
1 0.211328 0.691875 0.027344 0.016250
1 0.243750 0.698750 0.039062 0.017500
1 0.387891 0.475625 0.038281 0.026250
1 0.405469 0.388750 0.032813 0.027500
0 0.640234 0.457500 0.032031 0.037500
0 0.717969 0.567500 0.031250 0.045000
0 0.523438 0.518750 0.037500 0.050000
0 0.558984 0.543125 0.050781 0.053750
0 0.618750 0.520625 0.029687 0.033750
1 0.121094 0.600625 0.051562 0.028750
1 0.555859 0.466250 0.044531 0.037500
0 0.027734 0.340625 0.036719 0.038750
0 0.170313 0.393125 0.034375 0.046250
0 0.734375 0.475000 0.035937 0.045000
