1 0.483203 0.668750 0.036719 0.012500
1 0.448047 0.705000 0.033594 0.015000
1 0.492578 0.688750 0.021094 0.015000
1 0.489063 0.593750 0.043750 0.015000
0 0.453906 0.638750 0.031250 0.030000
1 0.197656 0.536875 0.040625 0.018750
1 0.107813 0.351250 0.035937 0.027500
1 0.057813 0.615625 0.035937 0.016250
1 0.070703 0.543125 0.036719 0.016250
1 0.072266 0.573125 0.039844 0.016250
1 0.314453 0.543750 0.036719 0.017500
1 0.282031 0.638750 0.042188 0.015000
1 0.347266 0.392500 0.030469 0.022500
1 0.153516 0.369375 0.035156 0.023750
1 0.379688 0.451875 0.031250 0.013750
1 0.263672 0.413750 0.032031 0.022500
1 0.276562 0.466250 0.029687 0.020000
0 0.239063 0.475625 0.028125 0.031250
0 0.246875 0.438125 0.035937 0.028750
0 0.199219 0.402500 0.040625 0.025000
0 0.152344 0.405000 0.039062 0.025000
0 0.200781 0.491875 0.035937 0.033750
0 0.099609 0.473125 0.036719 0.031250
0 0.121484 0.530000 0.038281 0.030000
0 0.067969 0.427500 0.040625 0.030000
0 0.042188 0.401250 0.039062 0.025000
0 0.035156 0.503125 0.034375 0.041250
0 0.144531 0.489375 0.043750 0.051250
0 0.280859 0.546875 0.013281 0.018750
0 0.387109 0.560625 0.047656 0.028750
0 0.398438 0.583750 0.029687 0.025000
0 0.440234 0.578750 0.036719 0.035000
0 0.423828 0.510000 0.032031 0.025000
0 0.412891 0.434375 0.042969 0.033750
0 0.418750 0.475000 0.039062 0.032500
1 0.328906 0.499375 0.037500 0.013750
0 0.356250 0.520000 0.039062 0.035000
0 0.357812 0.422500 0.039062 0.025000
1 0.533594 0.560000 0.037500 0.022500
0 0.462109 0.506250 0.036719 0.045000
0 0.242969 0.386875 0.010937 0.018750
1 0.092188 0.306250 0.043750 0.025000
1 0.231250 0.375625 0.043750 0.021250
1 0.219141 0.348750 0.044531 0.027500
1 0.183594 0.581875 0.037500 0.018750
1 0.370312 0.470625 0.028125 0.018750
0 0.363672 0.485000 0.041406 0.020000
0 0.541016 0.470000 0.028906 0.047500
0 0.576562 0.482500 0.028125 0.032500
0 0.614062 0.470000 0.020313 0.030000
0 0.641406 0.470625 0.020313 0.031250
0 0.712891 0.495000 0.028906 0.035000
0 0.749609 0.513750 0.025781 0.032500
0 0.778125 0.550000 0.028125 0.027500
0 0.673047 0.575625 0.055469 0.043750
0 0.726562 0.575625 0.045312 0.036250
1 0.376953 0.650000 0.041406 0.020000
1 0.049609 0.584375 0.039844 0.028750
1 0.438672 0.406250 0.063281 0.035000
1 0.474609 0.447500 0.049219 0.020000
1 0.334375 0.471875 0.034375 0.023750
1 0.596484 0.620000 0.041406 0.025000
0 0.560156 0.530625 0.037500 0.043750
1 0.382031 0.346875 0.045312 0.021250
0 0.834375 0.509375 0.028125 0.031250
