0 0.459766 0.734375 0.038281 0.018750
1 0.008984 0.451250 0.016406 0.035000
1 0.056641 0.490625 0.041406 0.056250
1 0.135547 0.506875 0.033594 0.023750
1 0.138281 0.451250 0.037500 0.050000
1 0.109766 0.625000 0.036719 0.040000
0 0.080078 0.725000 0.036719 0.017500
0 0.057813 0.312500 0.035937 0.017500
0 0.281250 0.281875 0.032813 0.023750
0 0.415234 0.386250 0.038281 0.022500
0 0.283984 0.485625 0.061719 0.016250
0 0.329688 0.532500 0.042188 0.017500
0 0.390234 0.536875 0.041406 0.016250
0 0.341797 0.463125 0.035156 0.016250
0 0.318359 0.421250 0.035156 0.015000
0 0.300391 0.430625 0.032031 0.023750
0 0.077734 0.578750 0.035156 0.020000
1 0.189453 0.573750 0.036719 0.030000
0 0.233203 0.595000 0.036719 0.022500
0 0.276562 0.605000 0.037500 0.022500
1 0.312891 0.588125 0.052344 0.038750
1 0.413672 0.513750 0.053906 0.032500
1 0.470703 0.508125 0.035156 0.043750
1 0.493359 0.569375 0.035156 0.028750
1 0.523438 0.516875 0.032813 0.043750
1 0.554297 0.552500 0.032031 0.045000
1 0.528516 0.584375 0.035156 0.031250
1 0.598437 0.499375 0.031250 0.043750
0 0.539844 0.447500 0.031250 0.022500
0 0.593750 0.545000 0.045312 0.017500
1 0.674219 0.525625 0.042188 0.041250
1 0.733984 0.520625 0.041406 0.038750
0 0.742578 0.552500 0.033594 0.017500
0 0.745313 0.603750 0.037500 0.017500
0 0.785547 0.608125 0.046094 0.021250
0 0.814453 0.640000 0.046094 0.020000
1 0.087109 0.535000 0.028906 0.037500
1 0.817969 0.551250 0.065625 0.037500
1 0.806641 0.580625 0.032031 0.036250
1 0.283984 0.561250 0.039844 0.045000
0 0.383984 0.518750 0.036719 0.015000
0 0.838281 0.596875 0.035937 0.021250
0 0.632422 0.565000 0.038281 0.017500
0 0.165234 0.542500 0.036719 0.012500
1 0.562500 0.501875 0.031250 0.026250
