0 0.100391 0.315000 0.036719 0.022500
0 0.063672 0.383750 0.036719 0.017500
1 0.023828 0.440625 0.046094 0.041250
1 0.033203 0.498750 0.036719 0.057500
0 0.034375 0.539375 0.045312 0.016250
0 0.064453 0.552500 0.028906 0.012500
1 0.080859 0.467500 0.039844 0.030000
1 0.192578 0.346875 0.032031 0.031250
0 0.179688 0.420625 0.026562 0.016250
0 0.208984 0.476875 0.036719 0.016250
0 0.280859 0.693125 0.042969 0.016250
0 0.231641 0.580625 0.041406 0.016250
1 0.161328 0.448125 0.033594 0.028750
1 0.212500 0.450000 0.035937 0.032500
1 0.125391 0.473750 0.030469 0.022500
1 0.097656 0.560000 0.035937 0.027500
1 0.139063 0.556875 0.035937 0.031250
1 0.113281 0.521250 0.035937 0.025000
1 0.165625 0.513125 0.043750 0.041250
0 0.271484 0.518125 0.033594 0.026250
0 0.354687 0.582500 0.034375 0.020000
0 0.368750 0.561250 0.031250 0.020000
0 0.420312 0.513125 0.029687 0.016250
0 0.436328 0.698750 0.038281 0.020000
0 0.530078 0.631250 0.035156 0.022500
0 0.451953 0.635000 0.035156 0.015000
0 0.296094 0.460625 0.035937 0.023750
1 0.330469 0.485000 0.029687 0.040000
1 0.424219 0.581875 0.040625 0.026250
1 0.415234 0.543125 0.035156 0.031250
1 0.390234 0.462500 0.057031 0.047500
1 0.483594 0.462500 0.029687 0.045000
1 0.467187 0.517500 0.037500 0.047500
1 0.490625 0.563125 0.031250 0.026250
1 0.509766 0.488125 0.028906 0.028750
1 0.545703 0.498125 0.036719 0.038750
1 0.546484 0.540625 0.039844 0.038750
1 0.533984 0.582500 0.041406 0.040000
1 0.608984 0.582500 0.036719 0.022500
1 0.611719 0.501875 0.035937 0.048750
1 0.626563 0.558750 0.039062 0.030000
1 0.735156 0.600625 0.029687 0.051250
1 0.705859 0.543125 0.035156 0.031250
1 0.701562 0.575625 0.026562 0.023750
1 0.792188 0.589375 0.031250 0.036250
1 0.808984 0.559375 0.055469 0.031250
1 0.845703 0.610625 0.035156 0.051250
1 0.870313 0.535000 0.020313 0.027500
0 0.086328 0.580000 0.036719 0.017500
0 0.564844 0.594375 0.026562 0.016250
1 0.674609 0.586250 0.027344 0.027500
0 0.774609 0.627500 0.033594 0.020000
0 0.518359 0.414375 0.030469 0.018750
0 0.332031 0.409375 0.037500 0.018750
0 0.720703 0.515625 0.044531 0.021250
0 0.376953 0.685000 0.041406 0.017500
0 0.314453 0.595000 0.030469 0.020000
0 0.387891 0.540625 0.035156 0.016250
