0 0.510938 0.483125 0.040625 0.018750
0 0.089453 0.603750 0.050781 0.015000
1 0.147266 0.725000 0.041406 0.020000
1 0.062891 0.350000 0.038281 0.050000
1 0.030078 0.446875 0.049219 0.041250
1 0.072266 0.519375 0.038281 0.031250
1 0.092578 0.451875 0.042969 0.026250
1 0.077344 0.476875 0.056250 0.053750
1 0.121484 0.526875 0.039844 0.051250
1 0.172266 0.621875 0.046094 0.031250
1 0.179297 0.491875 0.028906 0.033750
1 0.189844 0.530625 0.032813 0.041250
1 0.149609 0.560000 0.046094 0.050000
1 0.254297 0.446250 0.038281 0.040000
1 0.253516 0.486875 0.039844 0.043750
1 0.228125 0.634375 0.040625 0.028750
1 0.266406 0.607500 0.035937 0.027500
1 0.273828 0.566250 0.041406 0.027500
1 0.306641 0.485625 0.044531 0.028750
1 0.297266 0.521875 0.047656 0.036250
1 0.351562 0.527500 0.040625 0.027500
1 0.391406 0.580000 0.051562 0.057500
1 0.447266 0.527500 0.032031 0.025000
1 0.445312 0.573125 0.029687 0.021250
1 0.485938 0.539375 0.034375 0.026250
1 0.562500 0.500625 0.042188 0.031250
1 0.554688 0.535000 0.078125 0.035000
1 0.576953 0.588125 0.042969 0.051250
1 0.533203 0.584375 0.041406 0.058750
1 0.848047 0.547500 0.033594 0.025000
1 0.852344 0.603750 0.031250 0.030000
1 0.808594 0.571250 0.039062 0.047500
1 0.719141 0.523125 0.036719 0.028750
0 0.653906 0.518750 0.031250 0.025000
1 0.618750 0.596875 0.029687 0.033750
1 0.623437 0.553750 0.032813 0.027500
1 0.668359 0.548750 0.047656 0.042500
1 0.748437 0.575625 0.037500 0.048750
1 0.769141 0.619375 0.038281 0.051250
1 0.802734 0.652500 0.038281 0.022500
0 0.342969 0.635625 0.050000 0.016250
0 0.388281 0.769375 0.045312 0.013750
0 0.439453 0.728750 0.047656 0.015000
0 0.548047 0.640625 0.038281 0.016250
0 0.108203 0.304375 0.039844 0.023750
0 0.157812 0.297500 0.042188 0.025000
0 0.262891 0.356250 0.044531 0.020000
0 0.299609 0.334375 0.033594 0.023750
0 0.742188 0.645625 0.040625 0.013750
1 0.663281 0.608125 0.042188 0.038750
