1 0.179297 0.616250 0.038281 0.027500
1 0.086719 0.673750 0.046875 0.017500
1 0.591406 0.657500 0.034375 0.015000
1 0.409766 0.635625 0.036719 0.023750
1 0.312891 0.586875 0.039844 0.016250
1 0.250781 0.595625 0.032813 0.018750
1 0.239063 0.349375 0.037500 0.021250
1 0.471484 0.420625 0.033594 0.023750
1 0.564063 0.678750 0.045312 0.015000
1 0.631641 0.540000 0.033594 0.025000
1 0.359766 0.383125 0.049219 0.026250
1 0.210938 0.378750 0.035937 0.027500
1 0.028125 0.458125 0.032813 0.023750
1 0.430859 0.551250 0.038281 0.025000
1 0.483594 0.485000 0.029687 0.020000
0 0.671484 0.559375 0.030469 0.046250
0 0.713672 0.548125 0.030469 0.036250
0 0.675781 0.520000 0.031250 0.032500
0 0.638281 0.486875 0.039062 0.046250
0 0.520312 0.458125 0.034375 0.033750
0 0.532422 0.487500 0.030469 0.025000
0 0.524609 0.521875 0.033594 0.038750
0 0.542188 0.579375 0.050000 0.036250
0 0.505859 0.568125 0.035156 0.041250
0 0.467578 0.536250 0.042969 0.030000
0 0.352734 0.451875 0.030469 0.036250
0 0.352344 0.501250 0.042188 0.027500
0 0.243750 0.498125 0.042188 0.046250
0 0.291016 0.503125 0.033594 0.031250
0 0.114453 0.569375 0.036719 0.046250
0 0.136328 0.513125 0.036719 0.036250
0 0.020313 0.509375 0.039062 0.033750
0 0.176953 0.441875 0.036719 0.026250
1 0.166797 0.421875 0.039844 0.021250
0 0.101953 0.475000 0.028906 0.027500
0 0.073047 0.487500 0.039844 0.032500
1 0.040625 0.415625 0.034375 0.023750
1 0.058984 0.376875 0.028906 0.028750
0 0.082031 0.363750 0.040625 0.035000
0 0.258594 0.421250 0.035937 0.032500
0 0.584766 0.518125 0.044531 0.048750
1 0.558984 0.439375 0.039844 0.021250
0 0.228125 0.537500 0.040625 0.022500
0 0.567969 0.635000 0.034375 0.030000
0 0.311719 0.420625 0.034375 0.031250
1 0.287109 0.402500 0.033594 0.022500
0 0.191016 0.485000 0.042969 0.030000
0 0.322266 0.544375 0.017969 0.018750
1 0.080469 0.749375 0.037500 0.018750
1 0.498828 0.633125 0.036719 0.021250
1 0.310547 0.544375 0.021094 0.016250
0 0.106641 0.413750 0.028906 0.032500
0 0.082812 0.425625 0.034375 0.043750
1 0.061328 0.453750 0.027344 0.022500
0 0.473047 0.451250 0.033594 0.030000
0 0.701172 0.497500 0.044531 0.045000
1 0.405078 0.478125 0.036719 0.023750
1 0.375391 0.543125 0.049219 0.018750
0 0.755859 0.500625 0.033594 0.033750
0 0.195312 0.583750 0.040625 0.042500
