1 0.081250 0.313750 0.037500 0.032500
0 0.046094 0.404375 0.029687 0.013750
0 0.051172 0.461875 0.039844 0.021250
0 0.045703 0.575625 0.044531 0.021250
0 0.100391 0.711250 0.042969 0.022500
0 0.261719 0.741875 0.034375 0.021250
0 0.388281 0.651250 0.034375 0.022500
0 0.367969 0.603750 0.034375 0.020000
0 0.451953 0.611250 0.022656 0.015000
1 0.496875 0.572500 0.032813 0.022500
0 0.479297 0.590625 0.033594 0.016250
0 0.177734 0.368125 0.035156 0.016250
0 0.383594 0.356250 0.032813 0.020000
0 0.582422 0.491250 0.028906 0.020000
1 0.023828 0.434375 0.033594 0.028750
1 0.076563 0.433125 0.035937 0.051250
1 0.019531 0.550625 0.037500 0.036250
1 0.039844 0.493125 0.046875 0.033750
0 0.225000 0.563125 0.032813 0.013750
0 0.217188 0.572500 0.032813 0.015000
0 0.160156 0.441875 0.031250 0.021250
0 0.141797 0.521875 0.033594 0.023750
1 0.278516 0.430000 0.035156 0.032500
1 0.251953 0.448125 0.053906 0.033750
1 0.211719 0.468125 0.039062 0.028750
0 0.294141 0.504375 0.032031 0.016250
1 0.267578 0.571875 0.042969 0.033750
1 0.285156 0.532500 0.040625 0.037500
1 0.364063 0.440625 0.034375 0.041250
1 0.349219 0.502500 0.035937 0.052500
1 0.363281 0.558125 0.031250 0.031250
1 0.402344 0.585000 0.048438 0.032500
0 0.448047 0.564375 0.039844 0.021250
0 0.633594 0.618750 0.032813 0.022500
0 0.588281 0.631250 0.032813 0.017500
1 0.406641 0.470625 0.058594 0.033750
1 0.471484 0.469375 0.028906 0.036250
1 0.419141 0.533750 0.049219 0.042500
1 0.462109 0.506250 0.038281 0.020000
1 0.490625 0.523750 0.039062 0.017500
1 0.502344 0.547500 0.043750 0.022500
1 0.548828 0.571875 0.032031 0.038750
1 0.567187 0.533125 0.034375 0.023750
1 0.597266 0.547500 0.030469 0.027500
1 0.608594 0.581250 0.031250 0.052500
1 0.638672 0.511250 0.044531 0.042500
1 0.723828 0.598125 0.033594 0.048750
1 0.661328 0.572500 0.036719 0.032500
1 0.704688 0.548125 0.068750 0.036250
1 0.739062 0.508750 0.031250 0.032500
1 0.781641 0.503125 0.039844 0.028750
1 0.796484 0.563125 0.041406 0.051250
1 0.844922 0.526875 0.047656 0.031250
0 0.175391 0.588125 0.033594 0.018750
0 0.199219 0.704375 0.037500 0.018750
0 0.189844 0.455625 0.026562 0.016250
0 0.210156 0.518750 0.040625 0.012500
0 0.250000 0.668125 0.053125 0.018750
0 0.395313 0.495625 0.034375 0.023750
