0 0.673047 0.471250 0.030469 0.025000
0 0.021875 0.767500 0.042188 0.020000
1 0.037500 0.613125 0.039062 0.046250
1 0.020703 0.476875 0.036719 0.028750
1 0.012891 0.517500 0.024219 0.057500
1 0.033594 0.562500 0.050000 0.037500
1 0.082031 0.578750 0.039062 0.032500
0 0.122656 0.562500 0.042188 0.020000
1 0.100391 0.538125 0.036719 0.033750
1 0.053516 0.516875 0.063281 0.041250
1 0.099609 0.428750 0.032031 0.035000
1 0.146875 0.446250 0.043750 0.030000
1 0.216797 0.470000 0.035156 0.030000
0 0.205859 0.493125 0.033594 0.013750
0 0.134766 0.269375 0.039844 0.018750
0 0.264062 0.408125 0.035937 0.016250
0 0.326172 0.391250 0.038281 0.022500
0 0.065234 0.481250 0.036719 0.017500
1 0.224609 0.656875 0.035156 0.028750
1 0.308203 0.620000 0.035156 0.030000
0 0.291016 0.596250 0.033594 0.020000
0 0.314453 0.573125 0.030469 0.021250
0 0.360156 0.544375 0.034375 0.016250
1 0.288672 0.531250 0.049219 0.060000
1 0.361719 0.497500 0.048438 0.055000
0 0.406250 0.463125 0.035937 0.018750
1 0.388281 0.580000 0.032813 0.027500
0 0.521484 0.545000 0.039844 0.017500
1 0.528516 0.589375 0.053906 0.056250
0 0.574609 0.481250 0.035156 0.020000
0 0.551953 0.501250 0.039844 0.022500
1 0.612109 0.525000 0.052344 0.037500
1 0.685547 0.577500 0.036719 0.032500
1 0.683203 0.541250 0.049219 0.035000
1 0.728516 0.526875 0.038281 0.023750
1 0.781250 0.521875 0.056250 0.028750
1 0.754687 0.556875 0.043750 0.031250
1 0.750781 0.595625 0.046875 0.038750
0 0.737500 0.678125 0.045312 0.016250
1 0.842578 0.535000 0.036719 0.030000
0 0.521484 0.523125 0.036719 0.016250
1 0.161328 0.497500 0.033594 0.025000
0 0.522266 0.422500 0.036719 0.027500
0 0.451172 0.521875 0.039844 0.018750
0 0.173047 0.821250 0.035156 0.022500
0 0.127344 0.799375 0.032813 0.018750
