0 0.016797 0.350625 0.032031 0.018750
1 0.018359 0.434375 0.035156 0.028750
1 0.013281 0.590625 0.025000 0.028750
0 0.016016 0.679375 0.030469 0.018750
0 0.096484 0.751250 0.041406 0.017500
1 0.094922 0.610000 0.039844 0.045000
1 0.135547 0.577500 0.033594 0.030000
1 0.085547 0.566875 0.044531 0.038750
1 0.062109 0.514375 0.028906 0.061250
1 0.078516 0.485625 0.036719 0.028750
0 0.128906 0.483125 0.035937 0.013750
1 0.155078 0.544375 0.028906 0.033750
0 0.187891 0.560000 0.039844 0.022500
1 0.109375 0.521875 0.064062 0.043750
1 0.148828 0.436250 0.035156 0.035000
1 0.200391 0.456875 0.044531 0.031250
1 0.268750 0.475625 0.031250 0.028750
1 0.286328 0.658750 0.038281 0.027500
0 0.221094 0.300000 0.045312 0.022500
0 0.392578 0.413125 0.036719 0.021250
0 0.368359 0.573750 0.032031 0.020000
1 0.351172 0.609375 0.039844 0.051250
1 0.336719 0.535000 0.043750 0.060000
1 0.417969 0.505625 0.046875 0.051250
1 0.433594 0.586250 0.034375 0.030000
0 0.469141 0.476250 0.042969 0.017500
0 0.493750 0.546250 0.039062 0.020000
1 0.587500 0.595000 0.051562 0.047500
0 0.613281 0.516875 0.032813 0.018750
0 0.636719 0.495625 0.034375 0.021250
1 0.662891 0.528750 0.049219 0.045000
1 0.728516 0.568125 0.033594 0.051250
1 0.760547 0.535625 0.052344 0.036250
1 0.833594 0.527500 0.042188 0.030000
1 0.806250 0.567500 0.045312 0.037500
0 0.805469 0.662500 0.039062 0.017500
0 0.336719 0.433125 0.037500 0.018750
0 0.587500 0.561875 0.032813 0.018750
0 0.273047 0.506875 0.033594 0.016250
0 0.733984 0.487500 0.038281 0.025000
1 0.801562 0.600625 0.045312 0.038750
0 0.425000 0.550625 0.035937 0.016250
0 0.581250 0.456250 0.031250 0.025000
0 0.528516 0.535000 0.036719 0.020000
0 0.240234 0.791250 0.032031 0.020000
