1 0.650781 0.664375 0.032813 0.023750
1 0.316016 0.635000 0.038281 0.030000
1 0.335547 0.577500 0.039844 0.035000
1 0.363281 0.552500 0.039062 0.025000
1 0.389062 0.528750 0.031250 0.022500
1 0.258594 0.692500 0.032813 0.022500
1 0.211328 0.758125 0.039844 0.021250
1 0.024609 0.642500 0.033594 0.022500
1 0.076563 0.531875 0.034375 0.028750
1 0.104688 0.439375 0.031250 0.023750
1 0.241797 0.465000 0.038281 0.020000
1 0.275781 0.583750 0.029687 0.025000
1 0.635156 0.561250 0.029687 0.030000
0 0.134766 0.485000 0.032031 0.042500
0 0.198047 0.435000 0.035156 0.035000
1 0.196094 0.467500 0.037500 0.027500
0 0.156250 0.539375 0.031250 0.036250
0 0.180078 0.578750 0.033594 0.037500
0 0.183203 0.541250 0.016406 0.025000
0 0.240234 0.573750 0.036719 0.057500
1 0.222656 0.646875 0.040625 0.036250
0 0.187891 0.377500 0.050781 0.045000
1 0.110547 0.500000 0.030469 0.027500
0 0.037891 0.403125 0.028906 0.028750
1 0.025391 0.437500 0.035156 0.027500
0 0.017578 0.470625 0.022656 0.036250
1 0.375000 0.503750 0.034375 0.027500
0 0.558203 0.546875 0.035156 0.036250
0 0.551172 0.504375 0.036719 0.038750
0 0.328125 0.480625 0.031250 0.043750
0 0.368359 0.459375 0.030469 0.038750
0 0.347266 0.448125 0.032031 0.046250
0 0.503516 0.467500 0.028906 0.037500
0 0.443359 0.466250 0.028906 0.027500
0 0.677734 0.500625 0.035156 0.061250
0 0.422266 0.410000 0.033594 0.040000
0 0.464453 0.558125 0.052344 0.058750
0 0.440625 0.512500 0.026562 0.042500
0 0.508594 0.566250 0.035937 0.040000
1 0.510547 0.411250 0.042969 0.032500
1 0.587109 0.424375 0.039844 0.028750
0 0.649219 0.462500 0.032813 0.030000
1 0.103125 0.332500 0.037500 0.027500
0 0.123047 0.360000 0.033594 0.030000
1 0.118359 0.707500 0.064844 0.025000
0 0.725000 0.588125 0.040625 0.038750
0 0.222266 0.484375 0.035156 0.036250
0 0.387891 0.392500 0.025781 0.040000
1 0.144531 0.446250 0.028125 0.050000
0 0.727344 0.538125 0.039062 0.036250
1 0.460547 0.724375 0.047656 0.023750
0 0.776953 0.500000 0.044531 0.040000
