0 0.696484 0.616875 0.036719 0.018750
0 0.578516 0.596250 0.038281 0.017500
0 0.642188 0.625000 0.039062 0.017500
0 0.731250 0.548750 0.040625 0.025000
0 0.506250 0.639375 0.039062 0.013750
0 0.335156 0.691250 0.029687 0.015000
0 0.339062 0.704375 0.035937 0.016250
0 0.458594 0.723750 0.029687 0.020000
0 0.511328 0.735625 0.041406 0.021250
0 0.558594 0.668750 0.040625 0.015000
0 0.418750 0.625000 0.034375 0.017500
0 0.459766 0.595625 0.038281 0.018750
0 0.494531 0.530000 0.037500 0.020000
0 0.335547 0.503125 0.036719 0.021250
0 0.296484 0.625625 0.039844 0.018750
0 0.291016 0.643125 0.046094 0.018750
0 0.176172 0.740625 0.041406 0.016250
0 0.059375 0.726875 0.039062 0.018750
0 0.105859 0.818125 0.033594 0.023750
0 0.220312 0.578125 0.043750 0.018750
0 0.211328 0.598750 0.041406 0.017500
0 0.169531 0.610000 0.037500 0.020000
0 0.013672 0.663125 0.025781 0.018750
0 0.155469 0.500625 0.051562 0.016250
0 0.175391 0.473750 0.044531 0.022500
0 0.221094 0.731875 0.032813 0.023750
0 0.260937 0.663125 0.065625 0.021250
0 0.794141 0.587500 0.036719 0.022500
1 0.369141 0.619375 0.033594 0.046250
1 0.162500 0.545000 0.034375 0.045000
1 0.094531 0.590000 0.040625 0.040000
1 0.474219 0.543125 0.035937 0.046250
1 0.467187 0.633125 0.034375 0.026250
0 0.391406 0.366875 0.023438 0.023750
0 0.286719 0.585000 0.034375 0.020000
0 0.233594 0.616875 0.035937 0.021250
0 0.646094 0.689375 0.042188 0.021250
1 0.823438 0.623125 0.034375 0.028750
0 0.480078 0.436250 0.022656 0.020000
