0 0.253906 0.326875 0.037500 0.031250
0 0.037500 0.536250 0.040625 0.020000
0 0.647266 0.580625 0.052344 0.023750
0 0.582812 0.580625 0.050000 0.028750
0 0.556250 0.591250 0.039062 0.022500
1 0.537500 0.611875 0.028125 0.023750
0 0.489063 0.585000 0.032813 0.015000
1 0.246094 0.521250 0.043750 0.055000
1 0.128516 0.598750 0.030469 0.022500
1 0.102344 0.601875 0.034375 0.033750
0 0.097656 0.761875 0.040625 0.016250
0 0.025781 0.775000 0.045312 0.017500
0 0.066016 0.675625 0.039844 0.018750
0 0.085156 0.641250 0.042188 0.017500
0 0.039062 0.616875 0.050000 0.016250
0 0.475781 0.726250 0.046875 0.020000
0 0.396484 0.702500 0.038281 0.015000
0 0.814453 0.615625 0.030469 0.018750
0 0.781641 0.638125 0.046094 0.018750
0 0.725000 0.676875 0.042188 0.016250
0 0.726953 0.646875 0.042969 0.021250
0 0.756641 0.580000 0.035156 0.017500
0 0.705859 0.588750 0.028906 0.012500
0 0.803906 0.600000 0.039062 0.020000
0 0.564063 0.627500 0.039062 0.017500
0 0.800781 0.665000 0.040625 0.025000
0 0.792969 0.678125 0.035937 0.018750
0 0.265625 0.548125 0.034375 0.018750
0 0.416016 0.457500 0.035156 0.025000
0 0.017188 0.416250 0.032813 0.020000
0 0.443359 0.570000 0.038281 0.017500
0 0.335547 0.538125 0.036719 0.021250
