0 0.479687 0.568750 0.035937 0.017500
0 0.618359 0.592500 0.030469 0.025000
0 0.599609 0.583750 0.025781 0.015000
0 0.581641 0.600000 0.036719 0.022500
0 0.512500 0.585000 0.029687 0.017500
0 0.446094 0.472500 0.039062 0.020000
0 0.289062 0.342500 0.040625 0.025000
0 0.167969 0.580625 0.043750 0.018750
0 0.757031 0.678125 0.046875 0.016250
0 0.726562 0.590000 0.043750 0.015000
0 0.676562 0.589375 0.039062 0.018750
0 0.117578 0.643125 0.036719 0.016250
0 0.102734 0.668125 0.049219 0.018750
0 0.066797 0.536250 0.041406 0.017500
0 0.061328 0.772500 0.041406 0.020000
0 0.121484 0.758750 0.041406 0.020000
0 0.298047 0.556250 0.044531 0.022500
0 0.666406 0.611875 0.053125 0.021250
0 0.594141 0.626250 0.047656 0.020000
0 0.796094 0.586875 0.048438 0.016250
1 0.554688 0.613750 0.028125 0.025000
1 0.260937 0.520625 0.032813 0.043750
1 0.122266 0.605000 0.030469 0.030000
1 0.154688 0.599375 0.032813 0.023750
0 0.085547 0.619375 0.036719 0.016250
0 0.518750 0.724375 0.042188 0.018750
0 0.445703 0.678125 0.041406 0.018750
0 0.423828 0.699375 0.036719 0.018750
0 0.760938 0.649375 0.039062 0.023750
0 0.819531 0.638750 0.045312 0.017500
0 0.824219 0.667500 0.039062 0.027500
0 0.049609 0.425000 0.038281 0.020000
0 0.369141 0.543125 0.039844 0.021250
