0 0.305859 0.495000 0.036719 0.025000
0 0.191797 0.579375 0.030469 0.016250
0 0.186719 0.600625 0.039062 0.018750
0 0.139844 0.603125 0.046875 0.021250
0 0.302734 0.688125 0.038281 0.018750
0 0.301172 0.707500 0.041406 0.020000
0 0.666797 0.616250 0.035156 0.020000
0 0.773438 0.590625 0.029687 0.018750
0 0.476953 0.641250 0.036719 0.022500
0 0.477734 0.735625 0.046094 0.021250
0 0.430859 0.723125 0.036719 0.021250
0 0.141016 0.749375 0.049219 0.021250
0 0.163281 0.803125 0.050000 0.016250
0 0.086328 0.821875 0.028906 0.021250
0 0.389844 0.620000 0.045312 0.022500
0 0.427734 0.586250 0.047656 0.020000
0 0.694922 0.530000 0.041406 0.030000
0 0.263672 0.620625 0.041406 0.018750
0 0.612500 0.623125 0.042188 0.016250
0 0.550781 0.596250 0.035937 0.017500
0 0.130469 0.496875 0.057813 0.018750
0 0.150000 0.471875 0.040625 0.023750
0 0.028906 0.730625 0.043750 0.021250
0 0.212500 0.666875 0.050000 0.018750
0 0.772656 0.652500 0.059375 0.020000
0 0.523047 0.668750 0.050781 0.020000
1 0.458594 0.545000 0.035937 0.055000
1 0.446875 0.629375 0.035937 0.031250
1 0.350000 0.621250 0.034375 0.057500
1 0.142187 0.538750 0.028125 0.050000
1 0.071484 0.587500 0.036719 0.040000
1 0.800781 0.623750 0.031250 0.030000
0 0.377344 0.357500 0.028125 0.022500
0 0.255469 0.583750 0.037500 0.017500
0 0.298438 0.580625 0.034375 0.016250
0 0.203906 0.620000 0.039062 0.017500
0 0.199609 0.731875 0.032031 0.018750
