0 0.669531 0.670000 0.048438 0.020000
0 0.733203 0.601875 0.033594 0.026250
0 0.096094 0.578125 0.040625 0.018750
0 0.203906 0.711250 0.053125 0.020000
0 0.098437 0.751875 0.042188 0.023750
0 0.095703 0.717500 0.046094 0.020000
0 0.406250 0.650000 0.045312 0.020000
0 0.438672 0.728750 0.039844 0.022500
0 0.325391 0.655625 0.039844 0.016250
0 0.354297 0.615625 0.039844 0.021250
0 0.638672 0.702500 0.035156 0.022500
0 0.649609 0.733125 0.038281 0.026250
0 0.578125 0.722500 0.026562 0.020000
0 0.674609 0.581875 0.055469 0.021250
0 0.616797 0.646875 0.035156 0.016250
0 0.503125 0.658750 0.057813 0.017500
0 0.774609 0.700625 0.036719 0.016250
0 0.825391 0.630625 0.035156 0.018750
0 0.796484 0.674375 0.052344 0.023750
1 0.565625 0.620625 0.037500 0.043750
1 0.424609 0.566875 0.035156 0.041250
1 0.072266 0.776875 0.032031 0.033750
1 0.628516 0.641875 0.035156 0.041250
1 0.777344 0.641875 0.034375 0.033750
1 0.816406 0.588750 0.028125 0.047500
0 0.062109 0.548750 0.041406 0.020000
0 0.144141 0.486250 0.046094 0.020000
0 0.517969 0.571875 0.029687 0.016250
0 0.410938 0.510000 0.035937 0.015000
