0 0.453516 0.748125 0.039844 0.021250
0 0.438672 0.646875 0.046094 0.018750
0 0.506250 0.614375 0.031250 0.023750
0 0.823828 0.647500 0.032031 0.025000
0 0.706250 0.669375 0.043750 0.023750
0 0.663672 0.676875 0.049219 0.018750
0 0.586719 0.672500 0.048438 0.027500
0 0.498828 0.666875 0.044531 0.028750
0 0.211719 0.661875 0.045312 0.023750
0 0.164453 0.616250 0.047656 0.027500
0 0.108984 0.652500 0.049219 0.020000
0 0.191797 0.571250 0.049219 0.027500
0 0.599609 0.611875 0.039844 0.018750
0 0.576172 0.565625 0.038281 0.026250
0 0.272656 0.741875 0.039062 0.016250
0 0.796094 0.698750 0.039062 0.020000
0 0.661719 0.617500 0.042188 0.017500
0 0.835938 0.702500 0.039062 0.022500
0 0.600000 0.700000 0.039062 0.020000
0 0.537500 0.729375 0.037500 0.023750
0 0.489844 0.708750 0.048438 0.017500
0 0.458203 0.777500 0.035156 0.025000
0 0.761328 0.584375 0.032031 0.016250
0 0.732812 0.630625 0.046875 0.018750
0 0.755469 0.605625 0.040625 0.013750
0 0.218359 0.468750 0.038281 0.022500
0 0.378125 0.551250 0.039062 0.017500
0 0.328516 0.591875 0.050781 0.021250
1 0.310937 0.551875 0.034375 0.051250
1 0.446484 0.611250 0.038281 0.047500
1 0.678516 0.638750 0.032031 0.060000
1 0.735938 0.578125 0.032813 0.038750
0 0.421484 0.713125 0.052344 0.021250
