0 0.124609 0.625625 0.055469 0.026250
0 0.228516 0.587500 0.038281 0.025000
0 0.567187 0.631875 0.040625 0.021250
0 0.560156 0.544375 0.034375 0.023750
0 0.366406 0.698750 0.040625 0.015000
0 0.573047 0.717500 0.041406 0.017500
0 0.766406 0.655625 0.040625 0.018750
0 0.762109 0.636875 0.058594 0.016250
0 0.816016 0.672500 0.035156 0.020000
0 0.675391 0.695625 0.024219 0.016250
0 0.019922 0.445625 0.033594 0.023750
0 0.737891 0.721875 0.025781 0.016250
0 0.290234 0.513750 0.047656 0.022500
0 0.497266 0.652500 0.053906 0.015000
0 0.150781 0.673125 0.057813 0.016250
0 0.065234 0.680000 0.060156 0.017500
1 0.156250 0.762500 0.035937 0.042500
1 0.525000 0.572500 0.035937 0.047500
1 0.658594 0.621875 0.042188 0.051250
1 0.719922 0.664375 0.038281 0.031250
0 0.808203 0.613125 0.032031 0.021250
