0 0.146484 0.718750 0.041406 0.017500
0 0.155078 0.693125 0.044531 0.018750
0 0.054297 0.592500 0.033594 0.020000
0 0.042578 0.565625 0.050781 0.016250
0 0.060156 0.620000 0.046875 0.025000
0 0.102344 0.597500 0.043750 0.022500
0 0.093750 0.543125 0.043750 0.026250
1 0.037109 0.517500 0.038281 0.037500
0 0.222656 0.598750 0.045312 0.017500
0 0.283984 0.566875 0.039844 0.021250
0 0.153516 0.456875 0.039844 0.026250
0 0.512109 0.586875 0.042969 0.026250
0 0.735156 0.585625 0.040625 0.018750
0 0.681250 0.561875 0.039062 0.026250
0 0.531641 0.453750 0.041406 0.032500
0 0.358203 0.653750 0.039844 0.022500
0 0.319141 0.652500 0.035156 0.020000
0 0.388672 0.587500 0.039844 0.020000
0 0.772656 0.642500 0.048438 0.025000
0 0.785156 0.617500 0.039062 0.022500
0 0.296094 0.479375 0.043750 0.023750
0 0.361328 0.676250 0.053906 0.015000
0 0.303125 0.736875 0.037500 0.016250
0 0.304688 0.753125 0.040625 0.016250
0 0.687891 0.658750 0.052344 0.017500
0 0.783984 0.705000 0.057031 0.025000
0 0.404297 0.703750 0.052344 0.025000
1 0.321875 0.615625 0.035937 0.038750
1 0.256250 0.610000 0.032813 0.050000
1 0.375000 0.533125 0.035937 0.038750
0 0.578516 0.570000 0.049219 0.022500
1 0.705078 0.619375 0.030469 0.028750
0 0.108594 0.731875 0.032813 0.021250
0 0.053125 0.578750 0.048438 0.020000
