0 0.240625 0.519375 0.045312 0.021250
0 0.244141 0.585625 0.039844 0.021250
0 0.395703 0.833125 0.035156 0.023750
0 0.657813 0.653750 0.037500 0.022500
0 0.635938 0.623750 0.039062 0.020000
0 0.512109 0.571875 0.033594 0.021250
0 0.760156 0.675000 0.045312 0.015000
1 0.163672 0.675625 0.033594 0.036250
1 0.436328 0.720625 0.030469 0.033750
0 0.801562 0.651250 0.042188 0.020000
0 0.766406 0.597500 0.043750 0.020000
0 0.536328 0.666875 0.060156 0.016250
0 0.442188 0.746250 0.057813 0.020000
0 0.028906 0.663750 0.032813 0.020000
0 0.052344 0.526250 0.034375 0.015000
