0 0.762891 0.671250 0.046094 0.022500
0 0.635547 0.665625 0.055469 0.018750
0 0.585938 0.646250 0.040625 0.020000
0 0.378125 0.652500 0.035937 0.015000
0 0.158984 0.711875 0.058594 0.018750
0 0.798047 0.630000 0.041406 0.025000
0 0.705469 0.596875 0.040625 0.023750
0 0.632812 0.730000 0.026562 0.020000
0 0.609766 0.718125 0.028906 0.018750
0 0.555078 0.726875 0.030469 0.021250
0 0.414062 0.731875 0.039062 0.018750
0 0.290234 0.650625 0.036719 0.013750
0 0.058594 0.718750 0.040625 0.020000
0 0.072656 0.751875 0.032813 0.021250
0 0.069922 0.578125 0.036719 0.023750
0 0.492969 0.570625 0.028125 0.013750
0 0.450000 0.663750 0.062500 0.020000
0 0.805859 0.696875 0.042969 0.016250
0 0.746484 0.696875 0.036719 0.018750
1 0.803516 0.588125 0.033594 0.051250
1 0.761719 0.642500 0.037500 0.042500
1 0.546484 0.613125 0.033594 0.038750
1 0.603906 0.638750 0.029687 0.045000
1 0.409375 0.563125 0.039062 0.038750
1 0.055078 0.778750 0.030469 0.035000
0 0.034375 0.541875 0.043750 0.021250
0 0.117578 0.481250 0.041406 0.020000
0 0.650781 0.577500 0.045312 0.020000
0 0.379688 0.503750 0.039062 0.020000
