0 0.355078 0.594375 0.032031 0.018750
0 0.288281 0.635000 0.040625 0.020000
0 0.071094 0.943750 0.040625 0.020000
1 0.751172 0.629375 0.028906 0.041250
1 0.625000 0.591875 0.035937 0.043750
1 0.809766 0.686875 0.032031 0.038750
0 0.168359 0.485625 0.033594 0.021250
1 0.235547 0.750625 0.035156 0.028750
0 0.608594 0.732500 0.037500 0.030000
0 0.702734 0.574375 0.038281 0.026250
0 0.667969 0.613125 0.035937 0.016250
0 0.525781 0.688125 0.050000 0.018750
0 0.408203 0.688125 0.047656 0.021250
0 0.394531 0.715625 0.046875 0.021250
0 0.705469 0.710625 0.039062 0.018750
0 0.658984 0.651875 0.050781 0.018750
0 0.724219 0.615625 0.045312 0.016250
0 0.746875 0.601250 0.051562 0.020000
0 0.378516 0.630625 0.061719 0.018750
0 0.764844 0.668750 0.029687 0.025000
