0 0.708594 0.648750 0.035937 0.017500
0 0.683594 0.625000 0.043750 0.017500
0 0.498047 0.528125 0.030469 0.018750
0 0.450000 0.614375 0.043750 0.018750
0 0.070312 0.629375 0.040625 0.026250
0 0.705078 0.723125 0.024219 0.016250
0 0.634766 0.704375 0.025781 0.023750
0 0.623047 0.656250 0.061719 0.022500
0 0.175000 0.581875 0.032813 0.021250
0 0.188672 0.744375 0.039844 0.016250
0 0.185156 0.709375 0.042188 0.016250
0 0.519531 0.720625 0.035937 0.018750
0 0.586328 0.584375 0.035156 0.016250
0 0.562109 0.560000 0.042969 0.017500
0 0.558594 0.597500 0.045312 0.015000
0 0.611328 0.553125 0.041406 0.016250
1 0.829297 0.652500 0.025781 0.040000
1 0.680078 0.656875 0.033594 0.033750
1 0.622656 0.623750 0.034375 0.057500
1 0.485938 0.573125 0.039062 0.043750
1 0.122656 0.770625 0.029687 0.041250
0 0.230078 0.495625 0.041406 0.023750
0 0.800781 0.613125 0.032813 0.023750
0 0.757031 0.669375 0.034375 0.018750
0 0.762891 0.601875 0.035156 0.018750
