0 0.825781 0.592500 0.035937 0.027500
0 0.669141 0.599375 0.038281 0.018750
0 0.597266 0.635625 0.035156 0.021250
0 0.664844 0.678750 0.051562 0.022500
0 0.615625 0.724375 0.045312 0.018750
0 0.394141 0.640625 0.041406 0.018750
0 0.312891 0.587500 0.036719 0.020000
0 0.546484 0.608750 0.035156 0.020000
0 0.422656 0.691250 0.042188 0.020000
0 0.251172 0.623125 0.032031 0.018750
0 0.278125 0.522500 0.045312 0.022500
0 0.072656 0.678125 0.048438 0.016250
0 0.166797 0.806875 0.041406 0.018750
0 0.423047 0.528750 0.042969 0.022500
0 0.597266 0.551875 0.047656 0.023750
0 0.273828 0.715625 0.047656 0.016250
0 0.163281 0.720000 0.042188 0.017500
0 0.240234 0.493125 0.036719 0.021250
0 0.008984 0.637500 0.016406 0.027500
0 0.291406 0.606250 0.037500 0.025000
0 0.378906 0.586875 0.040625 0.018750
0 0.388672 0.661250 0.044531 0.012500
0 0.317188 0.639375 0.040625 0.013750
0 0.280859 0.733750 0.039844 0.022500
0 0.269922 0.656875 0.057031 0.021250
0 0.535156 0.710625 0.046875 0.021250
1 0.522266 0.550625 0.038281 0.036250
1 0.223828 0.559375 0.035156 0.036250
1 0.154297 0.591875 0.046094 0.036250
1 0.036719 0.519375 0.039062 0.046250
1 0.423438 0.617500 0.037500 0.040000
1 0.542188 0.636875 0.040625 0.026250
0 0.237500 0.404375 0.045312 0.028750
0 0.444531 0.390000 0.028125 0.022500
0 0.329688 0.778750 0.054688 0.027500
0 0.323437 0.620625 0.040625 0.018750
0 0.758594 0.687500 0.048438 0.022500
0 0.789062 0.638750 0.031250 0.025000
0 0.524609 0.460000 0.024219 0.025000
