0 0.708203 0.623125 0.039844 0.021250
0 0.645703 0.617500 0.047656 0.022500
0 0.635938 0.672500 0.039062 0.020000
0 0.681250 0.668750 0.035937 0.020000
0 0.769141 0.696875 0.032031 0.026250
0 0.801172 0.664375 0.042969 0.021250
0 0.798438 0.631875 0.035937 0.026250
0 0.805859 0.700625 0.038281 0.033750
0 0.462500 0.670000 0.034375 0.017500
0 0.403125 0.644375 0.048438 0.021250
0 0.555469 0.560625 0.039062 0.026250
0 0.550781 0.672500 0.048438 0.020000
0 0.568750 0.703125 0.048438 0.018750
0 0.525781 0.729375 0.034375 0.023750
0 0.455078 0.708125 0.049219 0.021250
0 0.418750 0.753750 0.062500 0.022500
0 0.247656 0.747500 0.037500 0.017500
0 0.181641 0.670000 0.041406 0.017500
0 0.076953 0.653125 0.052344 0.018750
0 0.130469 0.618750 0.053125 0.020000
0 0.156250 0.570625 0.050000 0.021250
0 0.426563 0.789375 0.034375 0.023750
0 0.722656 0.603125 0.039062 0.013750
0 0.190234 0.465000 0.035156 0.025000
0 0.842969 0.623750 0.037500 0.015000
0 0.351172 0.545000 0.042969 0.020000
1 0.488281 0.611875 0.037500 0.031250
1 0.421094 0.606875 0.034375 0.046250
1 0.291016 0.549375 0.035156 0.058750
1 0.657813 0.636875 0.028125 0.051250
1 0.719922 0.573750 0.028906 0.032500
0 0.382812 0.714375 0.051562 0.023750
