0 0.101562 0.751875 0.045312 0.013750
0 0.021094 0.685000 0.040625 0.020000
0 0.249219 0.643750 0.037500 0.020000
0 0.321484 0.665000 0.046094 0.017500
0 0.544922 0.556875 0.038281 0.023750
0 0.502734 0.613750 0.036719 0.027500
0 0.329297 0.772500 0.030469 0.022500
0 0.644531 0.693125 0.043750 0.016250
0 0.652734 0.676250 0.052344 0.017500
0 0.648438 0.731250 0.045312 0.017500
0 0.661328 0.594375 0.032031 0.021250
0 0.699219 0.626250 0.053125 0.015000
0 0.750391 0.641250 0.053906 0.022500
0 0.596094 0.596250 0.043750 0.017500
0 0.639453 0.743750 0.053906 0.020000
0 0.771875 0.671875 0.037500 0.023750
0 0.727734 0.686875 0.032031 0.021250
0 0.366797 0.673750 0.047656 0.027500
0 0.274609 0.838750 0.052344 0.017500
0 0.211328 0.791250 0.044531 0.022500
0 0.240625 0.605625 0.037500 0.016250
0 0.434375 0.535000 0.031250 0.022500
0 0.819922 0.615625 0.036719 0.021250
0 0.426953 0.730625 0.028906 0.016250
0 0.416797 0.706875 0.042969 0.021250
0 0.487500 0.652500 0.040625 0.020000
0 0.528906 0.670625 0.040625 0.016250
1 0.573047 0.631250 0.030469 0.035000
1 0.647266 0.570625 0.028906 0.051250
1 0.386719 0.591875 0.035937 0.038750
1 0.321094 0.601875 0.040625 0.046250
1 0.193750 0.538125 0.037500 0.041250
0 0.289062 0.730625 0.045312 0.023750
1 0.733984 0.662500 0.033594 0.032500
0 0.539844 0.499375 0.043750 0.021250
