0 0.785156 0.707500 0.045312 0.020000
0 0.739062 0.621875 0.045312 0.023750
0 0.682031 0.631250 0.031250 0.017500
0 0.596875 0.628750 0.046875 0.015000
0 0.467187 0.606875 0.032813 0.018750
0 0.605469 0.644375 0.051562 0.016250
0 0.654687 0.701875 0.032813 0.021250
0 0.819922 0.608125 0.042969 0.018750
0 0.828516 0.687500 0.039844 0.022500
0 0.425000 0.606875 0.037500 0.021250
0 0.435156 0.691875 0.039062 0.021250
0 0.402734 0.642500 0.039844 0.027500
0 0.256641 0.674375 0.050781 0.028750
0 0.157031 0.643125 0.040625 0.028750
0 0.323437 0.715000 0.043750 0.020000
0 0.269141 0.786875 0.036719 0.023750
0 0.121484 0.620625 0.047656 0.018750
0 0.448437 0.543125 0.046875 0.026250
0 0.361719 0.517500 0.040625 0.022500
0 0.574219 0.566250 0.050000 0.025000
0 0.585156 0.683125 0.039062 0.018750
0 0.558594 0.688750 0.037500 0.022500
0 0.515625 0.593125 0.045312 0.016250
0 0.151172 0.605000 0.042969 0.017500
0 0.016016 0.759375 0.030469 0.021250
0 0.483203 0.700000 0.033594 0.025000
0 0.082422 0.810625 0.055469 0.026250
1 0.516016 0.626250 0.028906 0.032500
1 0.326172 0.578750 0.036719 0.040000
1 0.262891 0.600625 0.039844 0.053750
1 0.133594 0.526250 0.035937 0.040000
1 0.600391 0.560000 0.036719 0.050000
0 0.418750 0.459375 0.037500 0.026250
0 0.607812 0.502500 0.020313 0.025000
0 0.532422 0.746875 0.057031 0.021250
1 0.662109 0.652500 0.033594 0.032500
0 0.686328 0.658125 0.019531 0.018750
