1 0.759375 0.608750 0.032813 0.040000
1 0.355078 0.735000 0.038281 0.035000
1 0.051172 0.685625 0.039844 0.043750
0 0.372266 0.538125 0.035156 0.018750
0 0.525000 0.611250 0.034375 0.022500
0 0.510938 0.645000 0.043750 0.025000
0 0.612891 0.690000 0.042969 0.017500
0 0.261328 0.879375 0.036719 0.026250
0 0.083203 0.568125 0.042969 0.023750
0 0.075000 0.497500 0.042188 0.020000
0 0.635547 0.666250 0.046094 0.017500
0 0.637109 0.573125 0.036719 0.018750
0 0.755078 0.668750 0.047656 0.020000
0 0.228125 0.758750 0.051562 0.015000
0 0.311719 0.655625 0.048438 0.021250
