0 0.067969 0.756250 0.046875 0.020000
0 0.334766 0.676250 0.044531 0.022500
0 0.462500 0.649375 0.031250 0.021250
0 0.498047 0.680625 0.044531 0.023750
0 0.622266 0.670000 0.049219 0.022500
0 0.618750 0.690625 0.034375 0.016250
0 0.515234 0.549375 0.039844 0.018750
0 0.506250 0.485625 0.034375 0.021250
0 0.738281 0.666875 0.045312 0.018750
0 0.700781 0.690625 0.031250 0.016250
0 0.384375 0.708125 0.039062 0.013750
0 0.405859 0.728750 0.032031 0.015000
0 0.218359 0.643750 0.041406 0.022500
0 0.221875 0.609375 0.039062 0.018750
0 0.666406 0.626250 0.039062 0.015000
0 0.794922 0.616250 0.039844 0.020000
0 0.724609 0.636875 0.039844 0.016250
0 0.573047 0.599375 0.028906 0.011250
0 0.526172 0.609375 0.038281 0.021250
0 0.480078 0.611250 0.035156 0.020000
0 0.232813 0.856250 0.057813 0.027500
0 0.160938 0.798125 0.046875 0.016250
1 0.174219 0.534375 0.035937 0.036250
1 0.298438 0.598750 0.039062 0.045000
1 0.365234 0.588750 0.030469 0.037500
1 0.628516 0.566250 0.030469 0.055000
1 0.551953 0.630625 0.033594 0.043750
0 0.310547 0.775000 0.032031 0.027500
1 0.708594 0.657500 0.034375 0.032500
0 0.637109 0.521250 0.021094 0.020000
