1 0.703125 0.601250 0.042188 0.060000
1 0.825781 0.631250 0.042188 0.032500
1 0.305078 0.743125 0.032031 0.031250
0 0.281250 0.511875 0.037500 0.021250
0 0.412891 0.639375 0.042969 0.016250
0 0.456641 0.606875 0.042969 0.023750
0 0.517578 0.699375 0.042969 0.016250
0 0.173828 0.903750 0.049219 0.020000
0 0.537891 0.671875 0.046094 0.018750
0 0.550781 0.552500 0.028125 0.017500
0 0.792969 0.608750 0.045312 0.017500
0 0.809766 0.593125 0.042969 0.021250
0 0.787109 0.656250 0.058594 0.017500
0 0.805078 0.696875 0.055469 0.021250
0 0.658984 0.676875 0.042969 0.013750
0 0.162109 0.652500 0.067969 0.025000
0 0.100391 0.768125 0.041406 0.013750
0 0.700391 0.671250 0.030469 0.022500
0 0.694531 0.645000 0.042188 0.015000
0 0.077734 0.679375 0.024219 0.016250
