0 0.729297 0.678750 0.042969 0.015000
0 0.698828 0.666250 0.039844 0.020000
0 0.664844 0.685000 0.020313 0.027500
0 0.753906 0.603125 0.037500 0.026250
0 0.669531 0.728125 0.029687 0.016250
0 0.439453 0.643750 0.041406 0.017500
0 0.127734 0.713125 0.046094 0.018750
0 0.359375 0.650625 0.050000 0.018750
0 0.128906 0.745625 0.043750 0.021250
0 0.121875 0.582500 0.040625 0.020000
0 0.012109 0.627500 0.022656 0.017500
0 0.463281 0.726875 0.043750 0.018750
0 0.384766 0.620000 0.042969 0.022500
0 0.237109 0.710000 0.063281 0.020000
0 0.495312 0.551875 0.043750 0.016250
0 0.441797 0.516250 0.041406 0.015000
0 0.523047 0.535625 0.052344 0.018750
0 0.535547 0.576875 0.044531 0.016250
1 0.581250 0.619375 0.034375 0.051250
1 0.449219 0.571875 0.040625 0.038750
1 0.089063 0.776875 0.029687 0.033750
1 0.648438 0.645625 0.035937 0.031250
0 0.594922 0.715000 0.028906 0.020000
0 0.091406 0.551250 0.037500 0.020000
0 0.173437 0.490625 0.039062 0.023750
0 0.700000 0.589375 0.046875 0.028750
1 0.791406 0.645000 0.031250 0.032500
1 0.830078 0.591250 0.028906 0.050000
