0 0.291797 0.676250 0.039844 0.015000
0 0.257031 0.659375 0.034375 0.013750
0 0.289453 0.653125 0.038281 0.016250
0 0.263672 0.642500 0.044531 0.012500
0 0.326562 0.585625 0.035937 0.013750
0 0.250000 0.744375 0.029687 0.013750
0 0.234375 0.758125 0.042188 0.018750
0 0.041016 0.590625 0.044531 0.021250
0 0.017188 0.531250 0.032813 0.015000
0 0.008594 0.511250 0.015625 0.022500
0 0.009766 0.593750 0.017969 0.017500
0 0.463281 0.425625 0.048438 0.031250
0 0.619531 0.536875 0.035937 0.028750
0 0.664062 0.581875 0.048438 0.021250
0 0.628906 0.590000 0.039062 0.020000
0 0.518750 0.561250 0.051562 0.030000
0 0.452344 0.582500 0.046875 0.022500
0 0.095312 0.692500 0.045312 0.017500
0 0.080859 0.730625 0.058594 0.023750
0 0.773047 0.624375 0.053906 0.023750
0 0.622656 0.663750 0.046875 0.022500
0 0.494922 0.664375 0.047656 0.028750
0 0.707031 0.708750 0.057813 0.027500
0 0.620313 0.701875 0.056250 0.023750
0 0.723437 0.633750 0.031250 0.030000
0 0.732812 0.604375 0.039062 0.021250
0 0.159375 0.589375 0.040625 0.026250
0 0.222266 0.459375 0.041406 0.021250
0 0.085547 0.437500 0.042969 0.027500
1 0.217969 0.611250 0.037500 0.035000
1 0.271094 0.610000 0.039062 0.040000
1 0.341797 0.528750 0.035156 0.045000
1 0.662500 0.614375 0.034375 0.031250
0 0.223047 0.558125 0.038281 0.023750
0 0.160938 0.644375 0.037500 0.021250
