0 0.456250 0.708750 0.039062 0.015000
0 0.477734 0.681250 0.042969 0.015000
0 0.123047 0.928125 0.038281 0.026250
0 0.351562 0.641875 0.040625 0.021250
0 0.404687 0.601875 0.042188 0.018750
0 0.489063 0.542500 0.029687 0.017500
0 0.751172 0.703750 0.049219 0.020000
0 0.592187 0.683125 0.046875 0.018750
0 0.715234 0.659375 0.055469 0.018750
0 0.725391 0.608750 0.055469 0.015000
0 0.756641 0.587500 0.046094 0.020000
0 0.025781 0.764375 0.050000 0.016250
0 0.081641 0.650000 0.066406 0.020000
0 0.044922 0.684375 0.035156 0.016250
0 0.225000 0.499375 0.040625 0.023750
1 0.664453 0.593750 0.039844 0.045000
1 0.786719 0.628125 0.029687 0.041250
0 0.564063 0.589375 0.040625 0.023750
0 0.655859 0.704375 0.047656 0.026250
0 0.803906 0.660000 0.034375 0.022500
0 0.643750 0.653750 0.035937 0.020000
1 0.270703 0.745000 0.028906 0.030000
