0 0.618750 0.667500 0.037500 0.015000
0 0.717578 0.691250 0.027344 0.012500
0 0.744531 0.618125 0.035937 0.028750
0 0.749609 0.667500 0.041406 0.020000
0 0.645312 0.619375 0.032813 0.016250
0 0.584375 0.618125 0.032813 0.018750
0 0.503906 0.550000 0.035937 0.022500
0 0.510938 0.607500 0.043750 0.017500
0 0.648438 0.571875 0.039062 0.021250
0 0.677734 0.600625 0.036719 0.021250
0 0.655078 0.536875 0.038281 0.026250
0 0.646094 0.491250 0.025000 0.015000
0 0.343359 0.643750 0.035156 0.017500
0 0.406641 0.666875 0.042969 0.018750
0 0.480078 0.676875 0.047656 0.018750
0 0.394922 0.761875 0.028906 0.021250
0 0.351953 0.818125 0.042969 0.023750
0 0.187500 0.749375 0.037500 0.016250
0 0.118359 0.675625 0.046094 0.021250
0 0.075000 0.621875 0.043750 0.018750
0 0.011719 0.651875 0.021875 0.013750
0 0.072656 0.571250 0.059375 0.012500
0 0.333594 0.771250 0.053125 0.017500
0 0.511719 0.704375 0.040625 0.016250
0 0.485156 0.730000 0.032813 0.017500
0 0.771484 0.719375 0.042969 0.018750
0 0.743750 0.690625 0.040625 0.016250
0 0.815234 0.616250 0.044531 0.017500
0 0.574219 0.665625 0.034375 0.018750
1 0.381641 0.602500 0.047656 0.030000
1 0.448437 0.605625 0.040625 0.031250
1 0.250000 0.545000 0.040625 0.055000
1 0.689453 0.575000 0.039844 0.042500
1 0.621094 0.636250 0.032813 0.050000
1 0.801172 0.666250 0.038281 0.040000
0 0.395313 0.714375 0.040625 0.023750
0 0.295312 0.722500 0.051562 0.022500
