1 0.741016 0.606250 0.041406 0.050000
1 0.336328 0.740000 0.033594 0.032500
1 0.027734 0.686875 0.036719 0.041250
0 0.341406 0.530000 0.039062 0.020000
0 0.582031 0.692500 0.043750 0.017500
0 0.476953 0.646250 0.044531 0.017500
0 0.496484 0.609375 0.038281 0.018750
0 0.234766 0.890625 0.038281 0.023750
0 0.051172 0.566250 0.032031 0.025000
0 0.037891 0.494375 0.042969 0.021250
0 0.601562 0.665625 0.051562 0.021250
0 0.609375 0.561875 0.042188 0.023750
0 0.721484 0.669375 0.057031 0.021250
0 0.193750 0.758125 0.053125 0.018750
0 0.783594 0.637500 0.035937 0.015000
0 0.746484 0.650000 0.035156 0.025000
