1 0.290234 0.741250 0.033594 0.032500
1 0.683203 0.597500 0.039844 0.052500
1 0.803516 0.628125 0.033594 0.038750
0 0.432031 0.601875 0.029687 0.018750
0 0.379297 0.641250 0.038281 0.020000
0 0.487891 0.700625 0.041406 0.013750
0 0.508203 0.676250 0.038281 0.015000
0 0.519141 0.547500 0.030469 0.020000
0 0.620313 0.676250 0.057813 0.022500
0 0.778125 0.702500 0.037500 0.017500
0 0.754297 0.659375 0.038281 0.021250
0 0.756641 0.606875 0.038281 0.013750
0 0.785547 0.590000 0.042969 0.015000
0 0.252344 0.502500 0.043750 0.020000
0 0.122656 0.654375 0.054688 0.021250
0 0.066406 0.682500 0.029687 0.012500
0 0.064062 0.764375 0.051562 0.013750
0 0.595313 0.590000 0.042188 0.022500
0 0.680859 0.691250 0.039844 0.025000
0 0.683594 0.650625 0.075000 0.028750
0 0.830078 0.606875 0.032031 0.013750
0 0.823438 0.653750 0.028125 0.025000
