1 0.755859 0.675625 0.028906 0.028750
1 0.695312 0.626875 0.042188 0.031250
1 0.566016 0.582500 0.035156 0.045000
1 0.185938 0.756250 0.032813 0.037500
0 0.276172 0.584375 0.039844 0.018750
0 0.192969 0.632500 0.045312 0.020000
0 0.079687 0.464375 0.040625 0.023750
0 0.428125 0.695625 0.042188 0.018750
0 0.616016 0.558125 0.036719 0.023750
0 0.631250 0.628750 0.040625 0.022500
0 0.626172 0.711875 0.044531 0.026250
0 0.248438 0.669375 0.056250 0.016250
0 0.150781 0.673125 0.051562 0.016250
0 0.823438 0.655625 0.037500 0.023750
0 0.770703 0.717500 0.030469 0.020000
0 0.710156 0.685625 0.029687 0.026250
0 0.558984 0.652500 0.038281 0.020000
0 0.571875 0.612500 0.039062 0.022500
0 0.640625 0.533125 0.056250 0.026250
0 0.349609 0.515625 0.049219 0.028750
