0 0.339844 0.750625 0.040625 0.023750
0 0.329688 0.736250 0.035937 0.017500
0 0.103906 0.654375 0.050000 0.018750
0 0.036328 0.672500 0.055469 0.022500
0 0.351953 0.649375 0.047656 0.021250
0 0.315625 0.568125 0.031250 0.023750
0 0.183984 0.462500 0.038281 0.022500
0 0.071094 0.565000 0.042188 0.025000
0 0.078906 0.598125 0.040625 0.023750
0 0.021875 0.586875 0.042188 0.021250
0 0.139453 0.606875 0.055469 0.026250
0 0.139844 0.580625 0.050000 0.018750
0 0.136328 0.552500 0.050781 0.027500
0 0.564063 0.469375 0.045312 0.028750
0 0.395703 0.657500 0.036719 0.020000
0 0.191406 0.692500 0.039062 0.017500
0 0.184375 0.719375 0.051562 0.026250
0 0.083984 0.616875 0.044531 0.021250
0 0.260547 0.601875 0.053906 0.016250
0 0.323047 0.485000 0.041406 0.022500
0 0.545312 0.593750 0.043750 0.027500
0 0.780078 0.650625 0.028906 0.018750
0 0.811719 0.650000 0.035937 0.022500
0 0.692578 0.586875 0.038281 0.018750
0 0.399219 0.681250 0.046875 0.020000
0 0.735547 0.695625 0.044531 0.018750
0 0.811719 0.620000 0.039062 0.022500
0 0.443750 0.704375 0.056250 0.021250
1 0.278125 0.616250 0.035937 0.052500
1 0.344531 0.616250 0.032813 0.035000
1 0.392969 0.535625 0.040625 0.031250
1 0.059766 0.520625 0.032031 0.036250
0 0.825391 0.701250 0.050781 0.022500
1 0.723047 0.619375 0.030469 0.026250
0 0.123828 0.733750 0.042969 0.025000
0 0.422656 0.588125 0.040625 0.018750
