0 0.548828 0.614375 0.033594 0.023750
0 0.537891 0.647500 0.046094 0.022500
0 0.645312 0.688750 0.040625 0.020000
1 0.073047 0.683125 0.041406 0.041250
1 0.367969 0.733125 0.031250 0.046250
1 0.780078 0.612500 0.028906 0.047500
0 0.396875 0.545000 0.040625 0.017500
0 0.107813 0.500000 0.040625 0.022500
0 0.118359 0.568125 0.053906 0.021250
0 0.288281 0.868125 0.040625 0.021250
0 0.668359 0.661250 0.041406 0.017500
0 0.664844 0.571875 0.045312 0.018750
0 0.797266 0.665625 0.057031 0.021250
0 0.341016 0.658125 0.052344 0.016250
0 0.274219 0.759375 0.051562 0.016250
