0 0.433203 0.606250 0.032031 0.020000
0 0.393359 0.688750 0.035156 0.012500
0 0.366797 0.637500 0.049219 0.030000
0 0.286719 0.586875 0.037500 0.021250
0 0.267188 0.599375 0.039062 0.023750
0 0.243359 0.511875 0.042969 0.021250
0 0.243359 0.728125 0.049219 0.023750
0 0.125391 0.721875 0.044531 0.018750
0 0.035156 0.678125 0.045312 0.021250
0 0.145703 0.811250 0.041406 0.025000
0 0.221875 0.486875 0.039062 0.023750
0 0.227344 0.620625 0.042188 0.021250
0 0.341406 0.585000 0.046875 0.020000
0 0.520703 0.600000 0.036719 0.020000
0 0.397656 0.699375 0.035937 0.011250
0 0.507031 0.716250 0.035937 0.020000
0 0.576562 0.728125 0.045312 0.021250
0 0.635547 0.676250 0.046094 0.017500
0 0.567969 0.630625 0.034375 0.028750
0 0.639062 0.600000 0.039062 0.020000
0 0.558203 0.540625 0.038281 0.023750
0 0.792969 0.574375 0.040625 0.026250
0 0.760938 0.630000 0.042188 0.017500
0 0.705078 0.631250 0.042969 0.020000
0 0.270313 0.640000 0.053125 0.025000
0 0.399219 0.515000 0.037500 0.022500
1 0.517969 0.637500 0.034375 0.032500
1 0.505859 0.547500 0.035156 0.040000
1 0.204687 0.552500 0.035937 0.040000
1 0.136328 0.588750 0.041406 0.032500
1 0.020313 0.515000 0.039062 0.052500
1 0.406250 0.620625 0.039062 0.038750
0 0.430859 0.385000 0.022656 0.020000
0 0.299609 0.617500 0.033594 0.017500
0 0.832812 0.586250 0.023438 0.017500
0 0.719531 0.686875 0.043750 0.021250
0 0.511719 0.453750 0.026562 0.020000
