0 0.646484 0.601875 0.035156 0.011250
0 0.615234 0.570625 0.041406 0.018750
0 0.608203 0.525000 0.038281 0.015000
0 0.629297 0.484375 0.022656 0.016250
0 0.592187 0.673750 0.040625 0.017500
0 0.701562 0.689375 0.042188 0.023750
0 0.719141 0.668125 0.041406 0.016250
0 0.777344 0.618750 0.045312 0.020000
0 0.046094 0.620625 0.048438 0.016250
0 0.075781 0.677500 0.048438 0.022500
0 0.315625 0.642500 0.037500 0.017500
0 0.382031 0.666250 0.045312 0.020000
0 0.026562 0.566875 0.051562 0.011250
0 0.314453 0.608125 0.041406 0.013750
0 0.157031 0.751250 0.045312 0.020000
0 0.294141 0.775625 0.050781 0.021250
0 0.321094 0.823750 0.046875 0.020000
0 0.373047 0.768125 0.035156 0.023750
0 0.483984 0.708125 0.041406 0.018750
0 0.466406 0.729375 0.029687 0.018750
0 0.483594 0.546250 0.028125 0.025000
0 0.490234 0.605000 0.046094 0.022500
0 0.716406 0.610625 0.035937 0.031250
0 0.714063 0.687500 0.039062 0.017500
0 0.731641 0.720000 0.042969 0.015000
0 0.821484 0.634375 0.044531 0.016250
0 0.805859 0.655625 0.035156 0.023750
1 0.779687 0.667500 0.037500 0.040000
1 0.675000 0.571875 0.039062 0.046250
1 0.607031 0.631250 0.043750 0.047500
1 0.231250 0.541250 0.031250 0.050000
1 0.361328 0.603125 0.041406 0.031250
1 0.426563 0.600000 0.037500 0.035000
0 0.255078 0.720625 0.046094 0.021250
0 0.443359 0.675625 0.044531 0.028750
0 0.559375 0.612500 0.029687 0.017500
