0 0.783203 0.680000 0.047656 0.020000
0 0.751563 0.714375 0.040625 0.026250
0 0.630859 0.704375 0.036719 0.016250
0 0.710938 0.621875 0.042188 0.016250
0 0.732812 0.582500 0.042188 0.022500
0 0.792969 0.604375 0.040625 0.018750
0 0.548047 0.688750 0.050781 0.025000
0 0.434375 0.601250 0.034375 0.020000
0 0.545312 0.555625 0.037500 0.026250
0 0.653906 0.620000 0.042188 0.025000
0 0.335156 0.510625 0.037500 0.023750
0 0.216797 0.673750 0.052344 0.030000
0 0.123828 0.647500 0.050781 0.027500
0 0.397656 0.606875 0.042188 0.018750
0 0.372266 0.636250 0.039844 0.020000
0 0.398438 0.695625 0.054688 0.021250
0 0.353906 0.728125 0.028125 0.018750
0 0.293359 0.713125 0.039844 0.018750
0 0.251172 0.791250 0.044531 0.017500
0 0.521094 0.658125 0.040625 0.023750
0 0.609766 0.636250 0.032031 0.015000
0 0.486328 0.588750 0.033594 0.022500
0 0.089844 0.621875 0.043750 0.021250
0 0.113672 0.600000 0.044531 0.020000
0 0.443750 0.658125 0.048438 0.013750
0 0.460938 0.703750 0.048438 0.017500
0 0.043750 0.815625 0.056250 0.021250
0 0.123828 0.900000 0.061719 0.027500
1 0.587500 0.561875 0.034375 0.046250
1 0.305859 0.575000 0.039844 0.040000
1 0.241797 0.599375 0.039844 0.058750
1 0.113672 0.528125 0.036719 0.036250
1 0.499219 0.624375 0.035937 0.031250
1 0.640625 0.646250 0.039062 0.032500
0 0.388672 0.451875 0.042969 0.026250
0 0.487109 0.750625 0.060156 0.023750
0 0.153516 0.743750 0.046094 0.022500
0 0.588672 0.492500 0.024219 0.025000
