0 0.469531 0.579375 0.051562 0.021250
0 0.490625 0.557500 0.035937 0.022500
0 0.537891 0.568750 0.044531 0.032500
1 0.475000 0.611875 0.045312 0.028750
1 0.193750 0.512500 0.039062 0.052500
1 0.050781 0.611875 0.037500 0.031250
1 0.052344 0.587500 0.037500 0.030000
0 0.359766 0.737500 0.049219 0.017500
0 0.286719 0.702500 0.040625 0.015000
0 0.612891 0.588750 0.042969 0.020000
0 0.733594 0.602500 0.032813 0.030000
0 0.719531 0.657500 0.040625 0.025000
0 0.717187 0.678750 0.035937 0.022500
0 0.710547 0.581250 0.039844 0.022500
0 0.647656 0.568750 0.043750 0.022500
0 0.335547 0.566875 0.044531 0.021250
0 0.667578 0.646250 0.044531 0.025000
0 0.610938 0.679375 0.050000 0.023750
0 0.147656 0.275625 0.045312 0.031250
0 0.021094 0.768750 0.032813 0.025000
0 0.444531 0.630625 0.042188 0.018750
0 0.418750 0.650000 0.042188 0.015000
0 0.417578 0.584375 0.032031 0.016250
0 0.246875 0.530000 0.037500 0.020000
