0 0.147656 0.575000 0.043750 0.022500
0 0.139844 0.504375 0.034375 0.018750
0 0.314844 0.861250 0.035937 0.022500
0 0.567187 0.649375 0.039062 0.026250
0 0.568750 0.616875 0.035937 0.018750
0 0.674219 0.681250 0.032813 0.025000
0 0.426172 0.553125 0.035156 0.021250
1 0.094531 0.683125 0.040625 0.041250
1 0.388281 0.729375 0.035937 0.033750
1 0.801172 0.616250 0.030469 0.032500
0 0.700000 0.657500 0.046875 0.017500
0 0.824609 0.663125 0.046094 0.016250
0 0.316406 0.751250 0.060937 0.020000
0 0.689063 0.580625 0.032813 0.016250
0 0.393359 0.663125 0.050781 0.013750
